1 120.065906534842 123.688643009133 116.443170060552
1.14141414141414 117.20354916626 120.660916861343 113.746181471176
1.28282828282828 114.409430067323 117.709515909682 111.109344224964
1.42424242424242 111.681922445553 114.832621439281 108.531223451824
1.56565656565657 109.019438291012 112.02846071883 106.010415863194
1.70707070707071 106.420427451741 109.295305189863 103.545549713618
1.84848484848485 103.88337673122 106.631468536793 101.135284925646
1.98989898989899 101.406809007362 104.035304625954 98.7783133887704
2.13131313131313 98.9892823725012 101.505205307182 96.4733594378201
2.27272727272727 96.6293892938824 99.0395980793425 94.2191805084223
2.41414141414141 94.32575579417 96.6369436318016 92.0145679565383
2.55555555555556 92.0770406514892 94.29573328736 89.8583480156184
2.6969696969697 89.8819346185404 92.0144863880269 87.7493828490539
2.83838383838384 87.7391596603286 89.7917476824466 85.6865716382105
2.97979797979798 85.6474682100655 87.6260847911426 83.6688516289884
3.12121212121212 83.6056424428115 85.5160858408896 81.6951990447335
3.26262626262626 81.612493566433 83.4603573698204 79.7646297630457
3.4040404040404 79.6668611294638 81.4575226075967 77.8761996513309
3.54545454545455 77.7676123454668 79.5062202278037 76.0290044631299
3.68686868686869 75.9136414335032 77.605103651368 74.2221792156384
3.82828282828283 74.1038689743239 75.7528409505161 72.4548969981318
3.96969696969697 72.3372412819107 73.9481153647316 70.7263671990897
4.11111111111111 70.6127297899981 72.1896263972513 69.0358331827449
4.25252525252525 68.9293304532222 70.4760914180499 67.3825694883944
4.39393939393939 67.2860631625445 68.8062476624896 65.7658786625995
4.53535353535353 65.6819711746133 67.1788544886042 64.1850878606224
4.67676767676768 64.1161205547277 65.5926957434361 62.6395453660194
4.81818181818182 62.5875996330828 64.0465820907789 61.1286171753867
4.95959595959596 61.0955184739764 62.5393531677365 59.6516837802162
5.1010101010101 59.6390083576709 61.069879462528 58.2081372528139
5.24242424242424 58.2172212746073 59.637063836841 56.7973787123737
5.38383838383838 56.8293294316766 58.2398426485118 55.4188162148414
5.52525252525253 55.4745247702619 56.8771864607512 54.0718630797726
5.66666666666667 54.1520184957708 55.5481003499203 52.7559366416213
5.80808080808081 52.8610406183829 54.2516238435555 51.4704573932103
5.94949494949495 51.6008395047464 52.986830533576 50.2148484759168
6.09090909090909 50.3706814403619 51.7528274168314 48.9885354638923
6.23232323232323 49.1698502023991 50.5487540173275 47.7909463874706
6.37373737373737 47.9976466426974 49.3737813428005 46.6215119425943
6.51515151515151 46.8533882807077 48.2271107239996 45.4796658374158
6.65656565656566 45.7364089061386 47.1079725791636 44.3648452331136
6.7979797979798 44.6460581910752 46.0156251396015 43.2764912425488
6.93939393939394 43.5817013113449 44.949353165666 42.2140494570239
7.08080808080808 42.5427185769106 43.9084666761641 41.1769704776572
7.22222222222222 41.5285050710739 42.8922997086551 40.1647104334926
7.36363636363636 40.5384702982808 41.9002091232557 39.1767314733058
7.50505050505051 39.5720378403233 40.9315734585399 38.2125022221066
7.64646464646465 38.628645020737 39.9857918448542 37.2714981966197
7.78787878787879 37.7077425771995 39.0622829777879 36.3532021766111
7.92929292929293 36.8087943417389 38.1604841525603 35.4571045309175
8.07070707070707 35.9312769285659 37.2798503586164 34.5827034985153
8.21212121212121 35.074679429348 36.4198534326648 33.7295054260312
8.35353535353535 34.2385031157486 35.5799812676702 32.8970249638269
8.49494949494949 33.422261149057 34.7597370748516 32.0847852232624
8.63636363636364 32.6254782967412 33.9586386954753 31.2923178980072
8.77777777777778 31.8476906557583 33.1762179591244 30.5191633523921
8.91919191919192 31.0884453824599 32.4120200851244 29.7648706797954
9.06060606060606 30.3473004289385 31.6656031238834 29.0289977339936
9.2020202020202 29.6238242856575 30.9365374350387 28.3111111362762
9.34343434343434 28.9175957302178 30.2244051994644 27.6107862609712
9.48484848484848 28.228203582114 29.5287999623817 26.9276072018462
9.62626262626263 27.5552464633362 28.849326205008 26.2611667216645
9.76767676767677 26.8983325646804 28.1855989423744 25.6110661869865
9.90909090909091 26.2570794176285 27.5372433451361 24.976915490121
10.0505050505051 25.631113671668 26.9038943833821 24.3583329599539
10.1919191919192 25.0200708769193 26.2851964906251 23.7549452632135
10.3333333333333 24.4235952719462 25.6808032463165 23.1663872975758
10.4747474747475 23.8413395766239 25.0903770753815 22.5923020778663
10.6161616161616 23.272964789946 24.5135889634092 22.0323406164827
10.7575757575758 22.7181399926506 23.9501181862592 21.486161799042
10.8989898989899 22.1765421545534 23.3996520529649 20.9534322561419
11.040404040404 21.6478559464718 22.8618856609139 20.4338262320297
11.1818181818182 21.1317735566352 22.3365216623895 19.9270254508809
11.3232323232323 20.6279945114696 21.8232700416346 19.4327189813047
11.4646464646465 20.1362255006567 21.3218479016862 18.9506030996273
11.6060606060606 19.6561802063623 20.8319792602917 18.4803811524328
11.7474747474747 19.1875791365361 20.3533948542858 18.0217634187864
11.8888888888889 18.7301494621864 19.8858319518627 17.5744669725102
12.030303030303 18.2836248585331 19.4290341722281 17.1382155448382
12.1717171717172 17.847745349948 18.9827513121635 16.7127393877326
12.3131313131313 17.4222571585922 18.5467391790758 16.2977751381086
12.4545454545455 17.0069125566608 18.1207594301415 15.8930656831801
12.5959595959596 16.6014697221516 17.7045794171902 15.498360027113
12.7373737373737 16.2056925980709 17.2979720369999 15.1134131591418
12.8787878787879 15.8193507549964 16.9007155867061 14.7379859232867
13.020202020202 15.4422192569169 16.5125936240492 14.3718448897846
13.1616161616162 15.0740785302695 16.1333948322072 14.0147622283318
13.3030303030303 14.7147142361 15.7629128889822 13.6665155832178
13.4444444444444 14.36391714527 15.4009463401232 13.3268879504168
13.5858585858586 14.0214830166396 15.0472984765889 12.9956675566903
13.7272727272727 13.6872124781542 14.7017772155657 12.6726477407427
13.8686868686869 13.360910910766 14.3641949850687 12.3576268364634
14.010101010101 13.0423883351228 14.034368611969 12.0504080582767
14.1515151515152 12.7314593009584 13.7121192132987 11.7507993886181
14.2929292929293 12.4279427791193 13.3972720906951 11.4586134675435
14.4343434343434 12.1316620561664 13.0896566278566 11.1736674844762
14.5757575757576 11.8424446314885 12.7891061908889 10.8957830720881
14.7171717171717 11.5601221168691 12.4954580314289 10.6247862023093
14.8585858585859 11.2845301384473 12.2085531924403 10.3605070844543
15 11.0155082410163 11.9282364165816 10.102780065451
