-4,99609375 -2,14764939608194
-4,98828125 -0,725626708259638
-4,98046875 -0,441385491859074
-4,97265625 -0,319687762347696
-4,96484375 -0,252173845658919
-4,95703125 -0,209291190331249
-4,94921875 -0,17967350706311
-4,94140625 -0,158016596769791
-4,93359375 -0,141512417795304
-4,92578125 -0,128535321330011
-4,91796875 -0,118079009570364
-4,91015625 -0,109487254958415
-4,90234375 -0,10231387430305
-4,89453125 -0,0962449367397606
-4,88671875 -0,0910531616134849
-4,87890625 -0,0865699689065147
-4,87109375 -0,0826676932596104
-4,86328125 -0,0792478961557999
-4,85546875 -0,0762334688607975
-4,84765625 -0,073563165342617
-4,83984375 -0,0711877354285381
-4,83203125 -0,0690671371992578
-4,82421875 -0,0671684928651064
-4,81640625 -0,0654645666693717
-4,80859375 -0,0639326156762049
-4,80078125 -0,0625535110909786
-4,79296875 -0,0613110586603835
-4,78515625 -0,0601914674864581
-4,77734375 -0,0591829308114369
-4,76953125 -0,0582752922139238
-4,76171875 -0,0574597776241135
-4,75390625 -0,0567287785424352
-4,74609375 -0,0560756754445669
-4,73828125 -0,0554946929876518
-4,73046875 -0,0549807805779313
-4,72265625 -0,0545295133123058
-4,71484375 -0,0541370094006092
-4,70703125 -0,0537998610071775
-4,69921875 -0,0535150760877171
-4,69140625 -0,0532800292898439
-4,68359375 -0,0530924203687121
-4,67578125 -0,0529502388693251
-4,66796875 -0,0528517340638532
-4,66015625 -0,05279538932026
-4,65234375 -0,0527799002286733
-4,64453125 -0,0528041559325921
-4,63671875 -0,0528672232095947
-4,62890625 -0,0529683329255266
-4,62109375 -0,0531068685510651
-4,61328125 -0,0532823564829833
-4,60546875 -0,0534944579567027
-4,59765625 -0,0537429623736518
-4,58984375 -0,0540277818979896
-4,58203125 -0,0543489472035584
-4,57421875 -0,0547066042744514
-4,56640625 -0,0551010121820492
-4,55859375 -0,0555325417784473
-4,55078125 -0,0560016752613514
-4,54296875 -0,0565090065792157
-4,53515625 -0,0570552426579945
-4,52734375 -0,057641205442711
-4,51953125 -0,0582678347583816
-4,51171875 -0,0589361920059661
-4,50390625 -0,0596474647201682
-4,49609375 -0,0604029720273388
-4,48828125 -0,0612041710537001
-4,48046875 -0,0620526643468309
-4,47265625 -0,0629502083871522
-4,46484375 -0,063898723281292
-4,45703125 -0,0649003037460533
-4,44921875 -0,0659572315106268
-4,44140625 -0,0670719892861483
-4,43359375 -0,0682472764761917
-4,42578125 -0,0694860268299841
-4,41796875 -0,0707914282726943
-4,41015625 -0,0721669451850429
-4,40234375 -0,0736163434487085
-4,39453125 -0,0751437186259183
-4,38671875 -0,0767535277027177
-4,37890625 -0,0784506248977211
-4,37109375 -0,0802403021239557
-4,36328125 -0,0821283347937037
-4,35546875 -0,0841210337786318
-4,34765625 -0,0862253044845319
-4,33984375 -0,0884487141773155
-4,33203125 -0,0907995689117236
-4,32421875 -0,0932870016754789
-4,31640625 -0,095921073680906
-4,30859375 -0,0987128911279823
-4,30078125 -0,101674740246305
-4,29296875 -0,104820244022954
-4,28515625 -0,108164544770497
-4,27734375 -0,111724517626034
-4,26953125 -0,115519021253185
-4,26171875 -0,119569193517073
-4,25390625 -0,123898801815431
-4,24609375 -0,12853466020858
-4,23828125 -0,133507128676343
-4,23046875 -0,13885071398711
-4,22265625 -0,144604797134146
-4,21484375 -0,15081451955422
-4,20703125 -0,157531870069299
-4,19921875 -0,164817027650184
-4,19140625 -0,172740033092842
-4,18359375 -0,181382887580361
-4,17578125 -0,190842210938655
-4,16796875 -0,201232641811303
-4,16015625 -0,212691233091563
-4,15234375 -0,225383199883505
-4,14453125 -0,23950953176048
-4,13671875 -0,255317215040691
-4,12890625 -0,273113172361111
-4,12109375 -0,293283598331314
-4,11328125 -0,316321296273573
-4,10546875 -0,342865164763439
-4,09765625 -0,373758637862617
-4,08984375 -0,410138616078616
-4,08203125 -0,453575215207732
-4,07421875 -0,506299777824175
-4,06640625 -0,571593834308515
-4,05859375 -0,654489232995785
-4,05078125 -0,763114544661697
-4,04296875 -0,911510272339514
-4,03515625 -1,12619767478136
-4,02734375 -1,46400843088346
-4,01953125 -2,07270549982071
-4,01171875 -3,49408742361546
-4,00390625 -10,6043442664939
-3,99609375 10,7298577249563
-3,98828125 3,61963010331078
-3,98046875 2,1983066489075
-3,97265625 1,58969734948678
-3,96484375 1,25200374153315
-3,95703125 1,0374629708217
-3,94921875 0,889243490035004
-3,94140625 0,780824198881974
-3,93359375 0,698164779982303
-3,92578125 0,633136875770096
-3,91796875 0,580708879098002
-3,91015625 0,537599529229407
-3,90234375 0,501577782227842
-3,89453125 0,471073850527032
-3,88671875 0,444951192103397
-3,87890625 0,4223667623603
-3,87109375 0,402682083963805
-3,86328125 0,385404807476449
-3,85546875 0,370149225757701
-3,84765625 0,356608938242921
-3,83984375 0,344537516390464
-3,83203125 0,333734565294851
-3,82421875 0,324035502689088
-3,81640625 0,315303948059904
-3,80859375 0,307425976161751
-3,80078125 0,300305723167237
-3,79296875 0,293861988188635
-3,78515625 0,288025576839497
-3,77734375 0,282737204618701
-3,76953125 0,277945827317191
-3,76171875 0,273607300483572
-3,75390625 0,269683294867748
-3,74609375 0,266140412754487
-3,73828125 0,262949463257897
-3,73046875 0,260084864374511
-3,72265625 0,257524146853819
-3,71484375 0,255247540416154
-3,70703125 0,253237627006441
-3,69921875 0,251479048959077
-3,69140625 0,249958262410557
-3,68359375 0,248663328211273
-3,67578125 0,247583734088212
-3,66796875 0,246710242993377
-3,66015625 0,246034763511993
-3,65234375 0,245550238954492
-3,64453125 0,245250552358797
-3,63671875 0,245130445116363
-3,62890625 0,245185447331051
-3,62109375 0,245411818343398
-3,61328125 0,245806496118763
-3,60546875 0,246367054417783
-3,59765625 0,247091666850735
-3,58984375 0,247979077070851
-3,58203125 0,249028574491305
-3,57421875 0,250239975021026
-3,56640625 0,251613606409435
-3,55859375 0,253150297872844
-3,55078125 0,254851373747947
-3,54296875 0,256718650982921
-3,53515625 0,258754440335671
-3,52734375 0,260961551203524
-3,51953125 0,263343300060342
-3,51171875 0,265903522526918
-3,50390625 0,26864658914982
-3,49609375 0,271577425013543
-3,48828125 0,274701533362115
-3,48046875 0,278025023460215
-3,47265625 0,281554642981599
-3,46484375 0,285297815275456
-3,45703125 0,289262681930651
-3,44921875 0,293458151135172
-3,44140625 0,297893952415432
-3,43359375 0,302580698439366
-3,42578125 0,307529954681141
-3,41796875 0,31275431787663
-3,41015625 0,318267504351224
-3,40234375 0,324084449479275
-3,39453125 0,330221419742805
-3,38671875 0,336696139102156
-3,37890625 0,343527931681036
-3,37109375 0,350737883112135
-3,36328125 0,35834902329909
-3,35546875 0,366386533840525
-3,34765625 0,374877983950328
-3,33984375 0,383853599417959
-3,33203125 0,393346570012115
-3,32421875 0,403393401776387
-3,31640625 0,414034321942973
-3,30859375 0,425313745758455
-3,30078125 0,43728081644993
-3,29296875 0,449990031957918
-3,28515625 0,463501975051699
-3,27734375 0,47788416718948
-3,26953125 0,493212071209889
-3,26171875 0,509570273934088
-3,25390625 0,527053887410171
-3,24609375 0,545770217370024
-3,23828125 0,565840760210281
-3,23046875 0,587403606437658
-3,22265625 0,610616350398481
-3,21484375 0,635659635152358
-3,20703125 0,662741500252479
-3,19921875 0,692102752827921
-3,19140625 0,724023654330546
-3,18359375 0,75883231483815
-3,17578125 0,79691532614618
-3,16796875 0,838731362549452
-3,16015625 0,884828762666072
-3,15234375 0,935868521391273
-3,14453125 0,992654739054177
-3,13671875 1,05617551065661
-3,12890625 1,12765868431912
-3,12109375 1,20864920406069
-3,11328125 1,30111845693778
-3,10546875 1,4076222193999
-3,09765625 1,53153441842924
-3,08984375 1,67740285560278
-3,08203125 1,85150820270343
-3,07421875 2,06277604793209
-3,06640625 2,32433274029361
-3,05859375 2,65630591047898
-3,05078125 3,09121008911789
-3,04296875 3,68520754637264
-3,03515625 4,54438358612945
-3,02734375 5,89606520406579
-3,01953125 8,33130452857619
-3,01171875 14,0172960314573
-3,00390625 42,4588002857664
-2,99609375 -42,8775173930877
-2,98828125 -14,43610287297
-2,98046875 -8,75029091889355
-2,97265625 -6,31532111104712
-2,96484375 -4,96399920959433
-2,95703125 -4,10527339625931
-2,94921875 -3,51181706416168
-2,94140625 -3,07754537762466
-2,93359375 -2,74629661500852
-2,92578125 -2,48555687558182
-2,91796875 -2,2751992411535
-2,91015625 -2,10209815921342
-2,90234375 -1,95732892361568
-2,89453125 -1,83461183193535
-2,88671875 -1,72940014118313
-2,87890625 -1,63832107431163
-2,87109375 -1,55882009846926
-2,86328125 -1,48892716638363
-2,85546875 -1,42709877274551
-2,84765625 -1,37210861003624
-2,83984375 -1,32297022895244
-2,83203125 -1,27888128341504
-2,82421875 -1,23918264504928
-2,81640625 -1,20332795802549
-2,80859375 -1,17086065139729
-2,80078125 -1,14139636188173
-2,79296875 -1,11460933801236
-2,78515625 -1,09022181233388
-2,77734375 -1,06799561275892
-2,76953125 -1,04772548187926
-2,76171875 -1,02923371236594
-2,75390625 -1,01236580612463
-2,74609375 -0,996986936842005
-2,73828125 -0,982979048194561
-2,73046875 -0,970238458897101
-2,72265625 -0,958673874811288
-2,71484375 -0,948204730217821
-2,70703125 -0,938759796988721
-2,69921875 -0,930276013141586
-2,69140625 -0,922697492101468
-2,68359375 -0,915974681653243
-2,67578125 -0,910063647566434
-2,66796875 -0,904925461604615
-2,66015625 -0,900525677385692
-2,65234375 -0,896833880556444
-2,64453125 -0,893823302151396
-2,63671875 -0,891470485950523
-2,62890625 -0,889755002228696
-2,62109375 -0,888659201579415
-2,61328125 -0,888168003554124
-2,60546875 -0,888268715732866
-2,59765625 -0,888950879568465
-2,58984375 -0,890206139953562
-2,58203125 -0,892028135970807
-2,57421875 -0,894412410719682
-2,56640625 -0,89735633848365
-2,55859375 -0,90085906782094
-2,55078125 -0,904921479440952
-2,54296875 -0,909546157974648
-2,53515625 -0,914737376967898
-2,52734375 -0,920501096628054
-2,51953125 -0,9268449740405
-2,51171875 -0,933778385748824
-2,50390625 -0,941312462763237
-2,49609375 -0,949460138230941
-2,48828125 -0,958236208173315
-2,48046875 -0,967657405871296
-2,47265625 -0,977742490666567
-2,46484375 -0,988512352145819
-2,45703125 -0,999990130893072
-2,44921875 -1,01220135723577
-2,44140625 -1,02517410967967
-2,43359375 -1,03893919503204
-2,42578125 -1,05353035256
-2,41796875 -1,06898448492989
-2,41015625 -1,08534191913523
-2,40234375 -1,102646701158
-2,39453125 -1,12094692873632
-2,38671875 -1,14029512734988
-2,37890625 -1,16074867540663
-2,37109375 -1,18237028564755
-2,36328125 -1,20522855101764
-2,35546875 -1,2293985647227
-2,34765625 -1,25496262595871
-2,33984375 -1,28201104493107
-2,33203125 -1,31064306336068
-2,32421875 -1,34096790981135
-2,31640625 -1,37310601300619
-2,30859375 -1,40719040100551
-2,30078125 -1,44336831992262
-2,29296875 -1,48180311304893
-2,28515625 -1,52267641022843
-2,27734375 -1,56619068856239
-2,26953125 -1,61257227969796
-2,26171875 -1,66207491693345
-2,25390625 -1,71498393833075
-2,24609375 -1,77162129154098
-2,23828125 -1,8323515242747
-2,23046875 -1,89758899423415
-2,22265625 -1,96780659796386
-2,21484375 -2,04354640519684
-2,20703125 -2,12543270198158
-2,19921875 -2,2141881037737
-2,19140625 -2,31065361557834
-2,18359375 -2,41581381481677
-2,17578125 -2,53082875061267
-2,16796875 -2,65707474620159
-2,16015625 -2,79619714451895
-2,15234375 -2,95017928422952
-2,14453125 -3,12143384741645
-2,13671875 -3,31292552756741
-2,12890625 -3,52833830523286
-2,12109375 -3,77230747673628
-2,11328125 -4,05074769601332
-2,10546875 -4,37132681415202
-2,09765625 -4,74416716333745
-2,08984375 -5,18291272961638
-2,08203125 -5,70640614036334
-2,07421875 -6,34142480360372
-2,06640625 -7,12734844191597
-2,05859375 -8,12456065587907
-2,05078125 -9,43060577969172
-2,04296875 -11,2139714008761
-2,03515625 -13,7929142438381
-2,02734375 -17,849416145121
-2,01953125 -25,1566343773019
-2,01171875 -42,2161532822404
-2,00390625 -127,542255545905
-1,99609375 128,465061876938
-1,98828125 43,1391355383675
-1,98046875 26,0799686371707
-1,97265625 18,7732787715112
-1,96484375 14,7174820315706
-1,95703125 12,1394217225324
-1,94921875 10,3571167321956
-1,94140625 9,05231120840378
-1,93359375 8,05651858543517
-1,92578125 7,27219570238588
-1,91796875 6,63896028570965
-1,91015625 6,11743409614842
-1,90234375 5,6808413681502
-1,89453125 5,31034127915662
-1,88671875 4,99229181380598
-1,87890625 4,71657278034247
-1,87109375 4,47551864208948
-1,86328125 4,26321723812188
-1,85546875 4,07503594873816
-1,84765625 3,90729365904851
-1,83984375 3,75702873612667
-1,83203125 3,62183175967149
-1,82421875 3,49972286082278
-1,81640625 3,38906038178273
-1,80859375 3,28847190763536
-1,80078125 3,19680152917655
-1,79296875 3,11306904952671
-1,78515625 3,03643809450802
-1,77734375 2,96619094012341
-1,76953125 2,90170846348591
-1,76171875 2,84245404157312
-1,75390625 2,78796052077292
-1,74609375 2,73781959609348
-1,73828125 2,69167309681401
-1,73046875 2,64920579206669
-1,72265625 2,61013941696667
-1,71484375 2,57422768555229
-1,70703125 2,54125210669212
-1,69921875 2,51101845734702
-1,69140625 2,48335379710122
-1,68359375 2,45810393084288
-1,67578125 2,43513124446488
-1,66796875 2,41431285264044
-1,66015625 2,39553900898303
-1,65234375 2,37871173788213
-1,64453125 2,36374365451756
-1,63671875 2,35055694537735
-1,62890625 2,33908248632778
-1,62109375 2,3292590791398
-1,61328125 2,32103279053792
-1,60546875 2,31435638044462
-1,59765625 2,30918880825402
-1,58984375 2,30549480777036
-1,58203125 2,30324452295587
-1,57421875 2,30241319790731
-1,56640625 2,30298091556156
-1,55859375 2,30493238055748
-1,55078125 2,30825674248024
-1,54296875 2,31294745641209
-1,53515625 2,31900217832877
-1,52734375 2,32642269343106
-1,51953125 2,33521487600048
-1,51171875 2,34538867983005
-1,50390625 2,35695815871576
-1,49609375 2,36994151691239
-1,48828125 2,38436118986876
-1,48046875 2,40024395596982
-1,47265625 2,41762108043725
-1,46484375 2,43652849298442
-1,45703125 2,45700700129587
-1,44921875 2,47910254291729
-1,44140625 2,50286647871013
-1,43359375 2,52835593166
-1,42578125 2,55563417554594
-1,41796875 2,58477107879531
-1,41015625 2,61584360979077
-1,40234375 2,64893641098505
-1,39453125 2,68414245045064
-1,38671875 2,7215637609796
-1,37890625 2,76131227860405
-1,37109375 2,80351079448461
-1,36328125 2,84829403658466
-1,35546875 2,89580990049917
-1,34765625 2,94622085234839
-1,33984375 2,99970553091294
-1,33203125 3,05646058135284
-1,32421875 3,11670275913185
-1,31640625 3,18067135044012
-1,30859375 3,24863096482132
-1,30078125 3,32087476732197
-1,29296875 3,3977282318739
-1,28515625 3,47955351556106
-1,27734375 3,56675457590576
-1,26953125 3,65978318165826
-1,26171875 3,75914600353307
-1,25390625 3,8654130172533
-1,24609375 3,97922751029711
-1,23828125 4,10131806019298
-1,23046875 4,2325129519832
-1,22265625 4,3737576337556
-1,21484375 4,52613598338519
-1,20703125 4,69089639304528
-1,19921875 4,86948399384607
-1,19140625 5,06358077476347
-1,18359375 5,27515594719755
-1,17578125 5,50652974254397
-1,16796875 5,76045501617922
-1,16015625 6,04022273796476
-1,15234375 6,34979994379088
-1,14453125 6,69401243059231
-1,13671875 7,07879009210693
-1,12890625 7,51150147012465
-1,12109375 8,00141781198359
-1,11328125 8,56036915446565
-1,10546875 9,20369200323414
-1,09765625 9,95163190121958
-1,08984375 10,8314777747842
-1,08203125 11,8809159094283
-1,07421875 13,1535022293499
-1,06640625 14,7279973663029
-1,05859375 16,7251697876886
-1,05078125 19,3401095091334
-1,04296875 22,9097931353836
-1,03515625 28,0707356290611
-1,02734375 36,1869022629601
-1,01953125 50,8046092697858
-1,01171875 84,9270271107578
-1,00390625 255,582723027543
-0,99609375 -256,428307105932
-0,98828125 -85,7727343321462
-0,98046875 -51,6505628868971
-0,97265625 -37,0332257016139
-0,96484375 -28,9175525854688
-0,95703125 -23,7572276679248
-0,94921875 -20,1882861303345
-0,94140625 -17,5742135569402
-0,93359375 -15,5780339835563
-0,92578125 -14,0046581299853
-0,91796875 -12,7333183604822
-0,91015625 -11,685254972721
-0,90234375 -10,806913071442
-0,89453125 -10,0606075015272
-0,88671875 -9,41905057057925
-0,87890625 -8,86199807556534
-0,87109375 -8,37411495922213
-0,86328125 -7,94357274446928
-0,85546875 -7,56110185801025
-0,84765625 -7,21933554972635
-0,83984375 -6,91234583873305
-0,83203125 -6,63530896596067
-0,82421875 -6,38426006251656
-0,81640625 -6,15591045909755
-0,80859375 -5,9475097391999
-0,80078125 -5,75674025371247
-0,79296875 -5,58163552239359
-0,78515625 -5,42051644214909
-0,77734375 -5,27194092873497
-0,76953125 -5,1346638045278
-0,76171875 -5,00760458105264
-0,75390625 -4,88982138213687
-0,74609375 -4,78048968536635
-0,73828125 -4,67888487532123
-0,73046875 -4,58436783549042
-0,72265625 -4,49637298000899
-0,71484375 -4,41439825764631
-0,70703125 -4,33799676025179
-0,69921875 -4,26676964432013
-0,69140625 -4,20036013337824
-0,68359375 -4,13844841481751
-0,67578125 -4,0807472807634
-0,66796875 -4,0269983909276
-0,66015625 -3,97696905788199
-0,65234375 -3,93044947314118
-0,64453125 -3,88725030684333
-0,63671875 -3,84720062544184
-0,62890625 -3,81014608124486
-0,62109375 -3,77594733532428
-0,61328125 -3,74447868161001
-0,60546875 -3,71562684516694
-0,59765625 -3,68928993193709
-0,58984375 -3,66537651079115
-0,58203125 -3,64380481170753
-0,57421875 -3,62450202639314
-0,56640625 -3,60740369976634
-0,55859375 -3,59245320250952
-0,55078125 -3,57960127642444
-0,54296875 -3,56880564563585
-0,53515625 -3,56003068782503
-0,52734375 -3,55324716067009
-0,51953125 -3,5484319795476
-0,51171875 -3,54556804333684
-0,50390625 -3,54464410588113
-0,49609375 -3,54565469131814
-0,48828125 -3,54860005210936
-0,48046875 -3,55348616918969
-0,47265625 -3,56032479423767
-0,46484375 -3,56913353464515
-0,45703125 -3,57993598235687
-0,44921875 -3,59276188836842
-0,44140625 -3,60764738532828
-0,43359375 -3,62463526140321
-0,42578125 -3,64377528935261
-0,41796875 -3,66512461563554
-0,41015625 -3,68874821536901
-0,40234375 -3,71471942009231
-0,39453125 -3,74312052660499
-0,38671875 -3,77404349667092
-0,37890625 -3,80759075916886
-0,37109375 -3,84387612837539
-0,36328125 -3,88302585456268
-0,35546875 -3,92517982606723
-0,34765625 -3,97049294554763
-0,33984375 -4,01913670743414
-0,33203125 -4,07130100875514
-0,32421875 -4,12719623181913
-0,31640625 -4,18705564491531
-0,30859375 -4,25113817662165
-0,30078125 -4,31973163093053
-0,29296875 -4,39315642480571
-0,28515625 -4,47176994773277
-0,27734375 -4,55597166531713
-0,26953125 -4,64620911733959
-0,26171875 -4,74298499664524
-0,25390625 -4,84686554116527
-0,24609375 -4,95849053040929
-0,23828125 -5,07858525422334
-0,23046875 -5,20797492138558
-0,22265625 -5,3476021068965
-0,21484375 -5,4985480110656
-0,20703125 -5,66205853691794
-0,19921875 -5,83957650824509
-0,19140625 -6,03278178243304
-0,18359375 -6,24364160937835
-0,17578125 -6,47447442385053
-0,16796875 -6,72803144467807
-0,16015625 -7,00760216084193
-0,15234375 -7,31715227897777
-0,14453125 -7,66150641470135
-0,13671875 -8,04659342501217
-0,12890625 -8,4797809565079
-0,12109375 -8,97033950015347
-0,11328125 -9,53009847274497
-0,10546875 -10,1743938942002
-0,09765625 -10,923470954073
-0,08984375 -11,8046183561125
-0,08203125 -12,8555222926236
-0,07421875 -14,1297387229344
-0,06640625 -15,7060284414089
-0,05859375 -17,7051602049359
-0,05078125 -20,322224445144
-0,04296875 -23,8941983091696
-0,03515625 -29,0575974285202
-0,02734375 -37,176387871713
-0,01953125 -51,796886794586
-0,01171875 -85,9222657097114
-0,00390625 -256,581093039365
0,00390625 255,42663407749
0,01171875 84,7675851169847
0,01953125 50,6417628396283
0,02734375 36,0205984428054
0,03515625 27,9009198823863
0,04296875 22,7364092956348
0,05078125 19,1630997286982
0,05859375 16,5444744842845
0,06640625 14,5435551669205
0,07421875 12,9652499117001
0,08203125 11,688788340793
0,08984375 10,6354078481446
0,09765625 9,75155046852854
0,10546875 8,99952780568446
0,11328125 8,35204874959812
0,12109375 7,78886549746825
0,12890625 7,29463920403686
0,13671875 6,85753740950973
0,14453125 6,46828635622316
0,15234375 6,11951490063857
0,16015625 5,80529045150793
0,16796875 5,52078441404294
0,17578125 5,26202684931445
0,18359375 5,02572377411744
0,19140625 4,8091192040123
0,19921875 4,60988965708872
0,20703125 4,42606254391079
0,21484375 4,25595236351355
0,22265625 4,09811033202565
0,23046875 3,95128425650625
0,23828125 3,81438630262757
0,24609375 3,6864669020078
0,25390625 3,56669347680124
0,26171875 3,45433297494831
0,26953125 3,34873744290227
0,27734375 3,24933203688843
0,28515625 3,15560500502663
0,29296875 3,06709927241846
0,30078125 2,98340533774642
0,30859375 2,90415524896157
0,31640625 2,82901747154651
0,32421875 2,75769249879574
0,33203125 2,68990908189539
0,33984375 2,62542098006163
0,34765625 2,56400414892793
0,35546875 2,50545429975591
0,36328125 2,44958477364412
0,37109375 2,39622468431222
0,37890625 2,34521729069454
0,38671875 2,29641856684317
0,39453125 2,24969594178863
0,40234375 2,20492718625551
0,41015625 2,1619994266508
0,41796875 2,12080826967091
0,42578125 2,0812570233179
0,43359375 2,04325600216424
0,44140625 2,00672190642652
0,44921875 1,97157726586189
0,45703125 1,93774994072931
0,46484375 1,9051726731013
0,47265625 1,87378268269924
0,48046875 1,84352130218385
0,48828125 1,81433364748086
0,49609375 1,786168319279
0,50390625 1,75897713231639
0,51171875 1,73271486948491
0,51953125 1,7073390581395
0,52734375 1,68280976630896
0,53515625 1,65908941677382
0,54296875 1,63614261721135
0,55078125 1,61393600481165
0,55859375 1,59243810394766
0,56640625 1,57161919563823
0,57421875 1,55145119768054
0,58203125 1,53190755444911
0,58984375 1,51296313546456
0,59765625 1,4945941419294
0,60546875 1,47677802051088
0,61328125 1,45949338372419
0,62109375 1,44271993633461
0,62890625 1,42643840725499
0,63671875 1,41063048646601
0,64453125 1,39527876653307
0,65234375 1,38036668833392
0,66015625 1,36587849064817
0,66796875 1,35179916329213
0,67578125 1,33811440351188
0,68359375 1,3248105753737
0,69140625 1,31187467191455
0,69921875 1,2992942798366
0,70703125 1,28705754654872
0,71484375 1,27515314937528
0,72265625 1,26357026676816
0,73046875 1,25229855137161
0,73828125 1,24132810480278
0,74609375 1,23064945402195
0,75390625 1,22025352917684
0,76171875 1,21013164281535
0,76953125 1,2002754703691
0,77734375 1,19067703181831
0,78515625 1,18132867445568
0,79296875 1,1722230566733
0,80078125 1,16335313270271
0,80859375 1,15471213824339
0,81640625 1,1462935769202
0,82421875 1,13809120751475
0,83203125 1,13009903191947
0,83984375 1,1223112837675
0,84765625 1,11472241769467
0,85546875 1,10732709919299
0,86328125 1,10012019501813
0,87109375 1,0930967641162
0,87890625 1,0862520490372
0,88671875 1,0795814678053
0,89453125 1,0730806062178
0,90234375 1,0667452105468
0,91015625 1,06057118061936
0,91796875 1,05455456325345
0,92578125 1,04869154602879
0,93359375 1,04297845137267
0,94140625 1,03741173094271
0,94921875 1,03198796028913
0,95703125 1,02670383378074
0,96484375 1,0215561597795
0,97265625 1,01654185604974
0,98046875 1,01165794538887
0,98828125 1,00690155146734
0,99609375 1,00226989486626
1,00390625 0,997760289365196
1,01171875 0,993370138089664
1,01953125 0,989096930461491
1,02734375 0,984938238670459
1,03515625 0,980891714615144
1,04296875 0,976955086921809
1,05078125 0,973126158097953
1,05859375 0,969402801813548
1,06640625 0,965782960303313
1,07421875 0,962264641883989
1,08203125 0,958845918580674
1,08984375 0,955524923856743
1,09765625 0,95229985044224
1,10546875 0,949168948255782
1,11328125 0,946130522415413
1,12109375 0,943182931334046
1,12890625 0,940324584895377
1,13671875 0,937553942706409
1,14453125 0,934869512422878
1,15234375 0,932269848144157
1,16015625 0,929753548874318
1,16796875 0,927319257046276
1,17578125 0,924965657106056
1,18359375 0,922691474154374
1,19140625 0,920495472642979
1,19921875 0,918376455123144
1,20703125 0,916333261044031
1,21484375 0,914364765598615
1,22265625 0,912469878615087
1,23046875 0,910647543491675
1,23828125 0,908896736172975
1,24609375 0,907216464165983
1,25390625 0,905605765594065
1,26171875 0,904063708287252
1,26953125 0,902589388907253
1,27734375 0,901181932105775
1,28515625 0,899840489714625
1,29296875 0,898564239966346
1,30078125 0,89735238674404
1,30859375 0,896204158859233
1,31640625 0,895118809356514
1,32421875 0,894095614843933
1,33203125 0,89313387484808
1,33984375 0,892232911192818
1,34765625 0,891392067400727
1,35546875 0,890610708116359
1,36328125 0,889888218550404
1,37109375 0,889224003943988
1,37890625 0,888617489052228
1,38671875 0,888068117646382
1,39453125 0,887575352033794
1,40234375 0,887138672594989
1,41015625 0,886757577337242
1,41796875 0,886431581464013
1,42578125 0,886160216959575
1,43359375 0,885943032188402
1,44140625 0,885779591508583
1,44921875 0,885669474898895
1,45703125 0,885612277598943
1,46484375 0,885607609761935
1,47265625 0,885655096119564
1,48046875 0,885754375658645
1,48828125 0,885905101309014
1,49609375 0,886106939642319
1,50390625 0,886359570581306
1,51171875 0,886662687119231
1,51953125 0,887015995049037
1,52734375 0,88741921270199
1,53515625 0,887872070695365
1,54296875 0,888374311688977
1,55078125 0,888925690150169
1,55859375 0,889525972127015
1,56640625 0,890174935029466
1,57421875 0,890872367418123
1,58203125 0,89161806880046
1,58984375 0,892411849434171
1,59765625 0,893253530137494
1,60546875 0,894142942106199
1,61328125 0,895079926737099
1,62109375 0,896064335457825
1,62890625 0,897096029562708
1,63671875 0,898174880054532
1,64453125 0,899300767492018
1,65234375 0,900473581842831
1,66015625 0,901693222341959
1,66796875 0,902959597355287
1,67578125 0,904272624248263
1,68359375 0,905632229259364
1,69140625 0,907038347378417
1,69921875 0,908490922229501
1,70703125 0,909989905958271
1,71484375 0,911535259123738
1,72265625 0,913126950594177
1,73046875 0,914764957447231
1,73828125 0,916449264873931
1,74609375 0,918179866086689
1,75390625 0,919956762230974
1,76171875 0,921779962300755
1,76953125 0,923649483057474
1,77734375 0,925565348952516
1,78515625 0,927527592053089
1,79296875 0,929536251971408
1,80078125 0,931591375797094
1,80859375 0,933693018032738
1,81640625 0,935841240532509
1,82421875 0,938036112443802
1,83203125 0,940277710151747
1,83984375 0,942566117226609
1,84765625 0,944901424373999
1,85546875 0,947283729387752
1,86328125 0,949713137105495
1,87109375 0,952189759366845
1,87890625 0,954713714974102
1,88671875 0,957285129655483
1,89453125 0,959904136030765
1,90234375 0,962570873579339
1,91015625 0,965285488610586
1,91796875 0,968048134236569
1,92578125 0,970858970346968
1,93359375 0,973718163586206
1,94140625 0,976625887332787
1,94921875 0,9795823216807
1,95703125 0,982587653422977
1,96484375 0,985642076037248
1,97265625 0,988745789673377
1,98046875 0,99189900114299
1,98828125 0,995101923911083
1,99609375 0,998354778089443
2,00390625 1,00165779049553
2,01171875 1,0050111943954
2,01953125 1,00841522988457
2,02734375 1,0118701436341
2,03515625 1,01537618895708
2,04296875 1,01893362581298
2,05078125 1,02254272081387
2,05859375 1,02620374723231
2,06640625 1,02991698501095
2,07421875 1,03368272077382
2,08203125 1,03750124783924
2,08984375 1,0413728662345
2,09765625 1,04529788271199
2,10546875 1,04927661076713
2,11328125 1,05330937065778
2,12109375 1,05739648942528
2,12890625 1,06153830091705
2,13671875 1,0657351458108
2,14453125 1,06998737164025
2,15234375 1,07429533282237
2,16015625 1,07865939068622
2,16796875 1,08307991350327
2,17578125 1,08755727651923
2,18359375 1,0920918619874
2,19140625 1,09668405920355
2,19921875 1,10133426454221
2,20703125 1,10604288149455
2,21484375 1,11081032070769
2,22265625 1,11563700002548
2,23046875 1,12052334453077
2,23828125 1,12546978658919
2,24609375 1,13047676589433
2,25390625 1,13554472951443
2,26171875 1,14067413194056
2,26953125 1,14586543513616
2,27734375 1,15111910858824
2,28515625 1,15643562935981
2,29296875 1,16181548214399
2,30078125 1,1672591593194
2,30859375 1,1727671610072
2,31640625 1,17833999512947
2,32421875 1,18397817746911
2,33203125 1,18968223173123
2,33984375 1,195452689606
2,34765625 1,20129009083301
2,35546875 1,2071949832671
2,36328125 1,21316792294567
2,37109375 1,21920947415758
2,37890625 1,22532020951342
2,38671875 1,23150071001744
2,39453125 1,23775156514088
2,40234375 1,24407337289688
2,41015625 1,25046673991697
2,41796875 1,25693228152905
2,42578125 1,26347062183689
2,43359375 1,27008239380134
2,44140625 1,27676823932292
2,44921875 1,28352880932613
2,45703125 1,29036476384533
2,46484375 1,29727677211221
2,47265625 1,30426551264483
2,48046875 1,31133167333838
2,48828125 1,31847595155756
2,49609375 1,3256990542305
2,50390625 1,33300169794454
2,51171875 1,34038460904352
2,51953125 1,34784852372686
2,52734375 1,35539418815031
2,53515625 1,36302235852843
2,54296875 1,37073380123885
2,55078125 1,37852929292819
2,55859375 1,38640962061984
2,56640625 1,3943755818235
2,57421875 1,4024279846465
2,58203125 1,41056764790698
2,58984375 1,41879540124886
2,59765625 1,42711208525873
2,60546875 1,43551855158456
2,61328125 1,44401566305634
2,62109375 1,45260429380858
2,62890625 1,46128532940488
2,63671875 1,47005966696425
2,64453125 1,47892821528961
2,65234375 1,48789189499812
2,66015625 1,49695163865364
2,66796875 1,5061083909012
2,67578125 1,51536310860353
2,68359375 1,52471676097963
2,69140625 1,53417032974553
2,69921875 1,54372480925716
2,70703125 1,55338120665533
2,71484375 1,56314054201297
2,72265625 1,5730038484845
2,73046875 1,58297217245751
2,73828125 1,59304657370664
2,74609375 1,6032281255498
2,75390625 1,61351791500667
2,76171875 1,62391704295953
2,76953125 1,63442662431655
2,77734375 1,64504778817732
2,78515625 1,65578167800102
2,79296875 1,66662945177686
2,80078125 1,67759228219711
2,80859375 1,68867135683265
2,81640625 1,699867878311
2,82421875 1,71118306449709
2,83203125 1,72261814867644
2,83984375 1,73417437974114
2,84765625 1,74585302237852
2,85546875 1,75765535726243
2,86328125 1,76958268124735
2,87109375 1,78163630756531
2,87890625 1,79381756602556
2,88671875 1,80612780321718
2,89453125 1,81856838271453
2,90234375 1,8311406852857
2,91015625 1,84384610910382
2,91796875 1,85668606996154
2,92578125 1,8696620014885
2,93359375 1,88277535537177
2,94140625 1,89602760157967
2,94921875 1,90942022858855
2,95703125 1,92295474361294
2,96484375 1,93663267283881
2,97265625 1,95045556166037
2,98046875 1,96442497491991
2,98828125 1,97854249715133
2,99609375 1,99280973282697
3,00390625 2,00722830673518
3,01171875 2,02179986372513
3,01953125 2,03652606972782
3,02734375 2,0514086115082
3,03515625 2,06644919705719
3,04296875 2,08164955586011
3,05078125 2,09701143916906
3,05859375 2,11253662027901
3,06640625 2,12822689480779
3,07421875 2,14408408098006
3,08203125 2,1601100199153
3,08984375 2,17630657591975
3,09765625 2,19267563678257
3,10546875 2,20921911407612
3,11328125 2,22593894346039
3,12109375 2,2428370849919
3,12890625 2,25991552343668
3,13671875 2,27717626858792
3,14453125 2,29462135558787
3,15234375 2,31225284525439
3,16015625 2,33007282441203
3,16796875 2,34808340622779
3,17578125 2,36628673055161
3,18359375 2,38468496426156
3,19140625 2,40328030161403
3,19921875 2,42207496459868
3,20703125 2,44107120329853
3,21484375 2,46027129625493
3,22265625 2,47967755083788
3,23046875 2,49929230362137
3,23828125 2,51911792076409
3,24609375 2,53915679839547
3,25390625 2,55941136300714
3,26171875 2,57988407184993
3,26953125 2,60057741333637
3,27734375 2,62149390744899
3,28515625 2,64263610615426
3,29296875 2,66400659382235
3,30078125 2,68560798765283
3,30859375 2,70744293810647
3,31640625 2,72951412934288
3,32421875 2,75182427966454
3,33203125 2,77437614196697
3,33984375 2,7971725041953
3,34765625 2,82021618980718
3,35546875 2,84351005824242
3,36328125 2,86705700539894
3,37109375 2,89085996411582
3,37890625 2,91492190466279
3,38671875 2,93924583523695
3,39453125 2,96383480246624
3,40234375 2,98869189192024
3,41015625 3,01382022862801
3,41796875 3,03922297760344
3,42578125 3,06490334437778
3,43359375 3,09086457553998
3,44140625 3,11710995928447
3,44921875 3,14364282596674
3,45703125 3,17046654866686
3,46484375 3,19758454376095
3,47265625 3,22500027150069
3,48046875 3,25271723660107
3,48828125 3,28073898883657
3,49609375 3,30906912364566
3,50390625 3,33771128274395
3,51171875 3,36666915474604
3,51953125 3,39594647579618
3,52734375 3,425547030208
3,53515625 3,45547465111309
3,54296875 3,48573322111911
3,55078125 3,51632667297699
3,55859375 3,54725899025779
3,56640625 3,57853420803922
3,57421875 3,61015641360173
3,58203125 3,64212974713481
3,58984375 3,6744584024531
3,59765625 3,70714662772288
3,60546875 3,74019872619884
3,61328125 3,77361905697144
3,62109375 3,80741203572484
3,62890625 3,8415821355058
3,63671875 3,8761338875034
3,64453125 3,91107188184009
3,65234375 3,94640076837391
3,66015625 3,98212525751223
3,66796875 4,01825012103719
3,67578125 4,05478019294305
3,68359375 4,09172037028519
3,69140625 4,12907561404167
3,69921875 4,1668509499871
3,70703125 4,20505146957869
3,71484375 4,24368233085553
3,72265625 4,28274875935038
3,73046875 4,32225604901485
3,73828125 4,36220956315763
3,74609375 4,40261473539653
3,75390625 4,44347707062384
3,76171875 4,4848021459859
3,76953125 4,52659561187668
3,77734375 4,56886319294561
3,78515625 4,61161068912004
3,79296875 4,6548439766424
3,80078125 4,69856900912238
3,80859375 4,74279181860419
3,81640625 4,78751851664935
3,82421875 4,83275529543515
3,83203125 4,87850842886883
3,83984375 4,92478427371801
3,84765625 4,97158927075759
3,85546875 5,01892994593295
3,86328125 5,06681291154026
3,87109375 5,11524486742383
3,87890625 5,16423260219077
3,88671875 5,21378299444335
3,89453125 5,26390301402918
3,90234375 5,31459972330966
3,91015625 5,36588027844665
3,91796875 5,4177519307081
3,92578125 5,47022202779252
3,93359375 5,52329801517264
3,94140625 5,57698743745895
3,94921875 5,63129793978264
3,95703125 5,68623726919919
3,96484375 5,74181327611194
3,97265625 5,79803391571696
3,98046875 5,85490724946831
3,98828125 5,91244144656551
3,99609375 5,97064478546207
4,00390625 6,02952565577873
4,01171875 6,08909255832841
4,01953125 6,14935410898282
4,02734375 6,21031903874554
4,03515625 6,2719961957556
4,04296875 6,3343945469337
4,05078125 6,39752317965248
4,05859375 6,46139130343151
4,06640625 6,52600825165671
4,07421875 6,59138348332543
4,08203125 6,65752658481708
4,08984375 6,72444727168954
4,09765625 6,79215539050227
4,10546875 6,86066092066606
4,11328125 6,92997397632005
4,12109375 7,00010480823643
4,12890625 7,07106380575305
4,13671875 7,14286149873477
4,14453125 7,21550855956343
4,15234375 7,28901580515741
4,16015625 7,36339419902083
4,16796875 7,43865485332319
4,17578125 7,51480903100959
4,18359375 7,59186814794207
4,19140625 7,6698437750729
4,19921875 7,74874764064969
4,20703125 7,82859163245348
4,21484375 7,90938780006955
4,22265625 7,99114835719238
4,23046875 8,07388568396435
4,23828125 8,15761232934933
4,24609375 8,24234101354154
4,25390625 8,32808463040996
4,26171875 8,41485624997926
4,26953125 8,50266912094741
4,27734375 8,59153667324103
4,28515625 8,68147252060832
4,29296875 8,77249046325093
4,30078125 8,86460449049468
4,30859375 8,95782878350069
4,31640625 9,05217771801604
4,32421875 9,14766586716612
4,33203125 9,24430800428839
4,33984375 9,34211910580851
4,34765625 9,44111435415921
4,35546875 9,54130914074311
4,36328125 9,6427190689394
4,37109375 9,74535995715606
4,37890625 9,84924784192701
4,38671875 9,95439898105638
4,39453125 10,0608298568092
4,40234375 10,1685571791505
4,41015625 10,2775978890322
4,41796875 10,3879691617305
4,42578125 10,4996884102317
4,43359375 10,6127732886705
4,44140625 10,7272416958188
4,44921875 10,8431117786275
4,45703125 10,960401935821
4,46484375 11,0791308215467
4,47265625 11,1993173490786
4,48046875 11,3209806945764
4,48828125 11,4441403009026
4,49609375 11,5688158814956
4,50390625 11,695027424302
4,51171875 11,8227951957683
4,51953125 11,952139744892
4,52734375 12,0830819073352
4,53515625 12,215642809599
4,54296875 12,3498438732618
4,55078125 12,4857068192816
4,55859375 12,6232536723627
4,56640625 12,7625067653899
4,57421875 12,9034887439281
4,58203125 13,0462225707915
4,58984375 13,1907315306812
4,59765625 13,3370392348936
4,60546875 13,4851696260997
4,61328125 13,6351469831976
4,62109375 13,786995926238
4,62890625 13,9407414214253
4,63671875 14,096408786194
4,64453125 14,2540236943625
4,65234375 14,4136121813656
4,66015625 14,5752006495663
4,66796875 14,7388158736481
4,67578125 14,9044850060914
4,68359375 15,0722355827302
4,69140625 15,242095528396
4,69921875 15,4140931626476
4,70703125 15,5882572055866
4,71484375 15,7646167837641
4,72265625 15,9432014361754
4,73046875 16,1240411203484
4,73828125 16,3071662185229
4,74609375 16,4926075439269
4,75390625 16,6803963471465
4,76171875 16,8705643225954
4,76953125 17,063143615082
4,77734375 17,2581668264781
4,78515625 17,4556670224895
4,79296875 17,6556777395304
4,80078125 17,8582329917034
4,80859375 18,0633672778871
4,81640625 18,2711155889313
4,82421875 18,4815134149649
4,83203125 18,6945967528138
4,83984375 18,9104021135344
4,84765625 19,1289665300634
4,85546875 19,3503275649837
4,86328125 19,5745233184114
4,87109375 19,801592436004
4,87890625 20,0315741170915
4,88671875 20,2645081229341
4,89453125 20,5004347851058
4,90234375 20,7393950140092
4,91015625 20,9814303075199
4,91796875 21,2265827597665
4,92578125 21,4748950700448
4,93359375 21,7264105518705
4,94140625 21,9811731421722
4,94921875 22,239227410626
4,95703125 22,5006185691359
4,96484375 22,7653924814595
4,97265625 23,033595672985
4,98046875 23,3052753406571
4,98828125 23,5804793630601
