101 0.0359175709134152
101.0625 0.0361032180196466
101.125 0.0362903057147698
101.1875 0.0364788489165357
101.25 0.0366688627359545
101.3125 0.0368603624803031
101.375 0.0370533636561859
101.4375 0.0372478819726527
101.5 0.0374439333443725
101.5625 0.0376415338948657
101.625 0.0378406999597962
101.6875 0.0380414480903227
101.75 0.0382437950565138
101.8125 0.0384477578508242
101.875 0.0386533536916368
101.9375 0.0388606000268702
102 0.0390695145376533
102.0625 0.0392801151420689
102.125 0.0394924199989673
102.1875 0.0397064475118513
102.25 0.0399222163328349
102.3125 0.0401397453666764
102.375 0.0403590537748883
102.4375 0.0405801609799245
102.5 0.0408030866694482
102.5625 0.0410278508006803
102.625 0.0412544736048322
102.6875 0.0414829755916223
102.75 0.0417133775538808
102.8125 0.0419457005722422
102.875 0.0421799660199296
102.9375 0.0424161955676313
103 0.0426544111884722
103.0625 0.0428946351630826
103.125 0.0431368900847659
103.1875 0.0433811988647679
103.25 0.0436275847376492
103.3125 0.0438760712667646
103.375 0.0441266823498498
103.4375 0.0443794422247199
103.5 0.0446343754750804
103.5625 0.0448915070364548
103.625 0.0451508622022304
103.6875 0.0454124666298255
103.75 0.0456763463469808
103.8125 0.0459425277581774
103.875 0.0462110376511851
103.9375 0.046481903203743
104 0.0467551519903769
104.0625 0.0470308119893546
104.125 0.0473089115897847
104.1875 0.0475894795988603
104.25 0.0478725452492525
104.3125 0.0481581382066558
104.375 0.0484462885774898
104.4375 0.0487370269167617
104.5 0.0490303842360913
104.5625 0.0493263920119044
104.625 0.0496250821937973
104.6875 0.0499264872130777
104.75 0.0502306399914846
104.8125 0.0505375739500935
104.875 0.0508473230184093
104.9375 0.0511599216436533
105 0.051475404800248
105.0625 0.0517938079995042
105.125 0.0521151672995166
105.1875 0.0524395193152722
105.25 0.0527669012289758
105.3125 0.0530973508006008
105.375 0.053430906378667
105.4375 0.053767606911255
105.5 0.0541074919572595
105.5625 0.0544506016978904
105.625 0.0547969769484261
105.6875 0.0551466591702254
105.75 0.0554996904830065
105.8125 0.0558561136773963
105.875 0.0562159722277608
105.9375 0.0565793103053205
106 0.0569461727915603
106.0625 0.05731660529194
106.125 0.0576906541499139
106.1875 0.0580683664612673
106.25 0.058449790088778
106.3125 0.058834973677211
106.375 0.0592239666686559
106.4375 0.0596168193182143
106.5 0.0600135827100488
106.5625 0.0604143087738006
106.625 0.0608190503013866
106.6875 0.0612278609641869
106.75 0.0616407953306306
106.8125 0.0620579088841934
106.875 0.0624792580418152
106.9375 0.0629049001727517
107 0.0633348936178686
107.0625 0.0637692977093939
107.125 0.0642081727911368
107.1875 0.064651580239189
107.25 0.06509958248312
107.3125 0.0655522430276802
107.375 0.0660096264750255
107.4375 0.0664717985474782
107.5 0.0669388261108383
107.5625 0.0674107771982616
107.625 0.0678877210347185
107.6875 0.0683697280620516
107.75 0.0688568699646473
107.8125 0.06934921969574
107.875 0.069846851504365
107.9375 0.0703498409629803
108 0.0708582649957744
108.0625 0.0713722019076815
108.125 0.0718917314141221
108.1875 0.0724169346714922
108.25 0.07294789430842
108.3125 0.0734846944578146
108.375 0.0740274207897281
108.4375 0.0745761605450547
108.5 0.0751310025700926
108.5625 0.0756920373519917
108.625 0.0762593570551154
108.6875 0.0768330555583415
108.75 0.077413228493331
108.8125 0.0779999732837931
108.875 0.0785933891857763
108.9375 0.0791935773290156
109 0.0798006407593686
109.0625 0.0804146844823716
109.125 0.0810358155079514
109.1875 0.0816641428963257
109.25 0.0822997778051305
109.3125 0.0829428335378098
109.375 0.0835934255933076
109.4375 0.084251671717102
109.5 0.0849176919536221
109.5625 0.0855916087000915
109.625 0.0862735467618423
109.6875 0.0869636334091446
109.75 0.0876619984356009
109.8125 0.0883687742181528
109.875 0.089084095778751
109.9375 0.0898081008477432
110 0.0905409299290313
110.0625 0.0912827263670577
110.125 0.092033636415676
110.1875 0.0927938093089702
110.25 0.0935633973340819
110.3125 0.0943425559061126
110.375 0.0951314436451685
110.4375 0.0959302224556164
110.5 0.0967390576076253
110.5625 0.097558117821066
110.625 0.0983875753518502
110.6875 0.0992276060807867
110.75 0.10007838960504
110.8125 0.10094010933228
110.875 0.101812952577607
110.9375 0.102697110663355
111 0.103592779021862
111.0625 0.104500157301315
111.125 0.105419449474764
111.1875 0.106350863952429
111.25 0.1072946136974
111.3125 0.108250916344854
111.375 0.109219994324906
111.4375 0.110202074989228
111.5 0.11119739074156
111.5625 0.112206179172248
111.625 0.113228683196968
111.6875 0.114265151199761
111.75 0.115315837180543
111.8125 0.116381000907256
111.875 0.117460908072818
111.9375 0.118555830457039
112 0.1196660460937
112.0625 0.120791839442968
112.125 0.121933501569344
112.1875 0.123091330325352
112.25 0.124265630541171
112.3125 0.125456714220445
112.375 0.126664900742478
112.4375 0.127890517071067
112.5 0.129133897970227
112.5625 0.130395386227043
112.625 0.131675332881946
112.6875 0.132974097466669
112.75 0.134292048250201
112.8125 0.135629562493016
112.875 0.136987026709925
112.9375 0.138364836941855
113 0.139763399036925
113.0625 0.141183128941165
113.125 0.142624452999262
113.1875 0.144087808265725
113.25 0.145573642826876
113.3125 0.147082416134114
113.375 0.148614599348869
113.4375 0.150170675699743
113.5 0.151751140852319
113.5625 0.153356503292136
113.625 0.154987284721386
113.6875 0.156644020469872
113.75 0.158327259920829
113.8125 0.160037566952202
113.875 0.161775520394034
113.9375 0.16354171450262
114 0.165336759452142
114.0625 0.1671612818445
114.125 0.169015925238123
114.1875 0.17090135069654
114.25 0.172818237357587
114.3125 0.174767283024083
114.375 0.176749204776952
114.4375 0.178764739611704
114.5 0.180814645099334
114.5625 0.182899700072673
114.625 0.185020705339315
114.6875 0.187178484422292
114.75 0.189373884329721
114.8125 0.191607776354698
114.875 0.193881056906819
114.9375 0.196194648376706
115 0.198549500035068
115.0625 0.200946588967826
115.125 0.203386921048965
115.1875 0.205871531952837
115.25 0.208401488207721
115.3125 0.210977888292553
115.375 0.213601863778834
115.4375 0.216274580519818
115.5 0.218997239889204
115.5625 0.221771080071669
115.625 0.224597377407687
115.6875 0.227477447795241
115.75 0.230412648151136
115.8125 0.233404377934785
115.875 0.236454080737497
115.9375 0.23956324594045
116 0.242733410444702
116.0625 0.245966160476783
116.125 0.249263133473602
116.1875 0.252626020050604
116.25 0.256056566057337
116.3125 0.259556574724799
116.375 0.263127908909212
116.4375 0.266772493437093
116.5 0.270492317556792
116.5625 0.274289437501947
116.625 0.278165979172607
116.6875 0.282124140940132
116.75 0.286166196582279
116.8125 0.290294498355305
116.875 0.294511480210268
116.9375 0.29881966116115
117 0.30322164881286
117.0625 0.307720143057649
117.125 0.312317939948956
117.1875 0.317017935762276
117.25 0.321823131253153
117.3125 0.326736636123046
117.375 0.331761673704442
117.4375 0.336901585877279
117.5 0.342159838229446
117.5625 0.347540025474939
117.625 0.353045877144044
117.6875 0.358681263560798
117.75 0.364450202123937
117.8125 0.370356863908499
117.875 0.376405580606337
117.9375 0.382600851824919
118 0.388947352764969
118.0625 0.395449942298833
118.125 0.402113671472771
118.1875 0.408943792457847
118.25 0.415945767975649
118.3125 0.423125281226705
118.375 0.430488246351211
118.4375 0.438040819453594
118.5 0.445789410224379
118.5625 0.453740694194984
118.625 0.461901625663319
118.6875 0.470279451330458
118.75 0.478881724691229
118.8125 0.487716321224266
118.875 0.496791454429982
118.9375 0.506115692767973
119 0.515697977548633
119.0625 0.525547641837236
119.125 0.53567443043238
119.1875 0.546088520984597
119.25 0.556800546325056
119.3125 0.567821618078586
119.375 0.579163351639907
119.4375 0.590837892596701
119.5 0.602857944688339
119.5625 0.61523679939432
119.625 0.627988367252138
119.6875 0.641127211010089
119.75 0.654668580726619
119.8125 0.668628450934092
119.875 0.683023559991374
119.9375 0.697871451756289
120 0.713190519715789
120.0625 0.7290000537186
120.125 0.74532028946198
120.1875 0.762172460891038
120.25 0.779578855675771
120.3125 0.797562873937271
120.375 0.816149090400459
120.4375 0.835363320155923
120.5 0.855232688217726
120.5625 0.875785703067167
120.625 0.897052334374001
120.6875 0.919064095086194
120.75 0.941854128076314
120.8125 0.965457297526575
120.875 0.98991028522459
120.9375 1.01525169192715
121 1.04152214392879
121.0625 1.06876440494435
121.125 1.09702349337832
121.1875 1.12634680500751
121.25 1.15678424104419
121.3125 1.18838834147331
121.375 1.22121442346518
121.4375 1.25532072455229
121.5 1.29076855012028
121.5625 1.32762242459476
121.625 1.36595024550161
121.6875 1.4058234393324
121.75 1.44731711785108
121.8125 1.49051023312464
121.875 1.53548572913875
121.9375 1.58233068735829
122 1.63113646299915
122.0625 1.68199880807677
122.125 1.73501797647216
122.1875 1.79029880528862
122.25 1.84795076564264
122.3125 1.90808797471678
122.375 1.97082915937848
122.4375 2.03629755991128
122.5 2.10462076038907
122.5625 2.1759304299264
122.625 2.25036195643762
122.6875 2.3280539516196
122.75 2.40914760263057
122.8125 2.49378584237945
122.875 2.58211230649289
122.9375 2.67427004094756
123 2.77039992013672
123.0625 2.87063873092843
123.125 2.97511687427971
123.1875 3.08395563249332
123.25 3.19726394764397
123.3125 3.31513465558967
123.375 3.43764012100397
123.4375 3.56482722286952
123.5 3.6967116479061
123.5625 3.83327146269634
123.625 3.97443995522486
123.6875 4.12009776468847
123.75 4.27006435632528
123.8125 4.42408894708737
123.875 4.58184104933637
123.9375 4.74290087380419
124 4.9067499191986
124.0625 5.07276217185854
124.125 5.2401964405075
124.1875 5.40819045154795
124.25 5.57575741963909
124.3125 5.74178587357951
124.375 5.9050435431432
124.4375 6.06418608120021
124.5 6.21777129010808
124.5625 6.36427932787228
124.625 6.50213908028262
124.6875 6.62976050274436
124.75 6.74557227612932
124.8125 6.84806361670722
124.875 6.93582857851215
124.9375 7.00761074659839
125 7.06234590551216
125.0625 7.09920013763793
125.125 7.11760090297053
125.1875 7.11725899061106
125.25 7.09817979492342
125.3125 7.06066310406505
125.375 7.00529141623254
125.4375 6.93290762482203
125.5 6.84458364346951
125.5625 6.74158209713981
125.625 6.62531353548205
125.6875 6.49729171286001
125.75 6.35908934221329
125.8125 6.21229641010529
125.875 6.0584826970443
125.9375 5.89916564438116
126 5.73578420571027
126.0625 5.56967886364211
126.125 5.40207761352488
126.1875 5.23408742991584
126.25 5.06669054150736
126.3125 4.90074473783753
126.375 4.73698690217743
126.4375 4.57603899235578
126.5 4.4184157576943
126.5625 4.26453357013921
126.625 4.11471984826763
126.6875 3.9692226543905
126.75 3.82822014069942
126.8125 3.69182960612989
126.875 3.56011599921765
126.9375 3.43309976311973
127 3.31076396761933
127.0625 3.19306071044295
127.125 3.07991679803415
127.1875 2.9712387356122
127.25 2.86691706941927
127.3125 2.76683013192493
127.375 2.67084724463605
127.4375 2.57883143408885
127.5 2.49064171542459
127.5625 2.40613499534931
127.625 2.32516764277458
127.6875 2.24759677143131
127.75 2.17328127453281
127.8125 2.10208264734812
127.875 2.03386562947381
127.9375 1.96849869475513
128 1.90585441326018
128.0625 1.8458097064807
128.125 1.78824601402633
128.1875 1.73304938749075
128.25 1.68011052488063
128.3125 1.62932475699287
128.375 1.58059199537651
128.4375 1.53381665000028
128.5 1.48890752343802
128.5625 1.44577768726087
128.625 1.40434434536296
128.6875 1.36452868812773
128.75 1.32625574064505
128.8125 1.28945420759933
128.875 1.25405631695112
128.9375 1.21999766411544
129 1.18721705798893
129.0625 1.15565636988449
129.125 1.12526038618759
129.1875 1.09597666534585
129.25 1.06775539963641
129.3125 1.04054928201775
129.375 1.014313378261
129.4375 0.989005004464141
129.5 0.964583609979452
129.5625 0.941010665725886
129.625 0.918249557812033
129.6875 0.896265486359324
129.75 0.875025369387866
129.8125 0.854497751606944
129.875 0.834652717937705
129.9375 0.815461811585719
130 0.796897956475145
130.0625 0.7789353838534
130.125 0.761549562874807
130.1875 0.744717134973372
130.25 0.728415851837917
130.3125 0.712624516807204
130.375 0.69732292950788
130.4375 0.682491833564008
130.5 0.668112867213285
130.5625 0.654168516671726
130.625 0.640642072095436
130.6875 0.627517585994957
130.75 0.614779833964608
130.8125 0.602414277595981
130.875 0.590407029451471
130.9375 0.578744819980169
131 0.567414966264747
131.0625 0.55640534249404
131.125 0.545704352061839
131.1875 0.535300901197984
131.25 0.525184374043197
131.3125 0.515344609084143
131.375 0.505771876870054
131.4375 0.496456858936803
131.5 0.487390627868698
131.5625 0.478564628432306
131.625 0.469970659720568
131.6875 0.461600858249069
131.75 0.453447681949806
131.8125 0.445503895011063
131.875 0.437762553515047
131.9375 0.430216991827821
132 0.422860809698818
132.0625 0.415687860029724
132.125 0.408692237274961
132.1875 0.401868266438228
132.25 0.395210492631674
132.3125 0.388713671166293
132.375 0.382372758143965
132.4375 0.376182901523335
132.5 0.370139432633379
132.5625 0.364237858110019
132.625 0.358473852232645
132.6875 0.352843249638706
132.75 0.347342038395867
132.8125 0.341966353412385
132.875 0.336712470167508
132.9375 0.33157679874474
133 0.326555878151821
133.0625 0.321646370912205
133.125 0.31684505791366
133.1875 0.312148833500496
133.25 0.307554700796632
133.3125 0.303059767247496
133.375 0.29866124036938
133.4375 0.294356423695566
133.5 0.290142712909093
133.5625 0.286017592152629
133.625 0.281978630506435
133.6875 0.278023478625901
133.75 0.274149865530628
133.8125 0.270355595537438
133.875 0.266638545330135
133.9375 0.262996661159226
134 0.259427956165186
134.0625 0.255930507819172
134.125 0.252502455475453
134.1875 0.249141998030119
134.25 0.245847391680896
134.3125 0.242616947783221
134.375 0.23944903079793
134.4375 0.236342056326205
134.5 0.233294489227618
134.5625 0.230304841817358
134.625 0.227371672138898
134.6875 0.224493582308583
134.75 0.221669216928779
134.8125 0.218897261566414
134.875 0.216176441293882
134.9375 0.213505519289451
135 0.210883295494461
135.0625 0.208308605324721
135.125 0.205780318433662
135.1875 0.203297337524903
135.25 0.200858597212026
135.3125 0.198463062923453
135.375 0.196109729850418
135.4375 0.193797621936132
135.5 0.191525790904335
135.5625 0.189293315325509
135.625 0.187099299719104
135.6875 0.184942873690235
135.75 0.182823191099341
135.8125 0.180739429263414
135.875 0.178690788187422
135.9375 0.176676489824677
136 0.174695777364885
136.0625 0.172747914548745
136.125 0.170832185007957
136.1875 0.168947891629607
136.25 0.167094355943883
136.3125 0.165270917534185
136.375 0.163476933468702
136.4375 0.161711777752556
136.5 0.159974840799712
136.5625 0.158265528923807
136.625 0.156583263847177
136.6875 0.154927482227318
136.75 0.153297635200099
136.8125 0.151693187939053
136.875 0.150113619230115
136.9375 0.148558421061186
137 0.14702709822595
137.0625 0.145519167941382
137.125 0.144034159478414
137.1875 0.142571613805247
137.25 0.141131083242822
137.3125 0.139712131131983
137.375 0.138314331511885
137.4375 0.136937268809214
137.5 0.13558053753781
137.5625 0.134243742008312
137.625 0.132926496047421
137.6875 0.131628422726455
137.75 0.130349154098817
137.8125 0.129088330946069
137.875 0.127845602532277
137.9375 0.12662062636634
138 0.125413067971989
138.0625 0.124222600665196
138.125 0.123048905338708
138.1875 0.121891670253459
138.25 0.12075059083661
138.3125 0.119625369485967
138.375 0.118515715380575
138.4375 0.117421344297235
138.5 0.116341978432762
138.5625 0.115277346231771
138.625 0.114227182219786
138.6875 0.113191226841511
138.75 0.11216922630405
138.8125 0.11116093242494
138.875 0.110166102484795
138.9375 0.109184499084437
139 0.108215890006325
139.0625 0.107260048080169
139.125 0.106316751052555
139.1875 0.105385781460476
139.25 0.104466926508607
139.3125 0.103559977950222
139.375 0.102664731971619
139.4375 0.101780989079936
139.5 0.100908553994251
139.5625 0.100047235539852
139.625 0.0991968465455795
139.6875 0.0983572037441248
139.75 0.0975281276752109
139.8125 0.0967094425915414
139.875 0.095900976367438
139.9375 0.0951025604100769
140 0.0943140295732413
140.0625 0.0935352220735071
140.125 0.0927659794087875
140.1875 0.0920061462791576
140.25 0.0912555705098895
140.3125 0.0905141029766265
140.375 0.0897815975326297
140.4375 0.0890579109380316
140.5 0.0883429027910343
140.5625 0.0876364354609913
140.625 0.0869383740233151
140.6875 0.0862485861961534
140.75 0.0855669422787803
140.8125 0.0848933150916488
140.875 0.0842275799180548
140.9375 0.0835696144473632
141 0.0829192987197481
141.0625 0.0822765150724027
141.125 0.0816411480871725
141.1875 0.0810130845395714
141.25 0.0803922133491378
141.3125 0.0797784255310908
141.375 0.0791716141492492
141.4375 0.078571674270174
141.5 0.0779785029185001
141.5625 0.0773919990334206
141.625 0.0768120634262918
141.6875 0.0762385987393245
141.75 0.075671509405331
141.8125 0.0751107016084965
141.875 0.0745560832461466
141.9375 0.0740075638914802
142 0.0734650547572427
142.0625 0.0729284686603096
142.125 0.0723977199871575
142.1875 0.0718727246601955
142.25 0.0713534001049325
142.3125 0.0708396652179592
142.375 0.0703314403357181
142.4375 0.069828647204043
142.5 0.0693312089484446
142.5625 0.0688390500451219
142.625 0.0683520962926791
142.6875 0.0678702747845291
142.75 0.0673935138819637
142.8125 0.0669217431878737
142.875 0.0664548935210993
142.9375 0.0659928968913948
143 0.0655356864749911
143.0625 0.0650831965907387
143.125 0.0646353626768164
143.1875 0.0641921212679905
143.25 0.0637534099734093
143.3125 0.0633191674549184
143.375 0.0628893334058843
143.4375 0.0624638485305104
143.5 0.0620426545236351
143.5625 0.0616256940509971
143.625 0.0612129107299568
143.6875 0.060804249110661
143.75 0.060399654657641
143.8125 0.0599990737318299
143.875 0.0596024535729912
143.9375 0.0592097422825463
144 0.0588208888067914
144.0625 0.0584358429204924
144.125 0.0580545552108508
144.1875 0.0576769770618279
144.25 0.0573030606388209
144.3125 0.0569327588736798
144.375 0.0565660254500583
144.4375 0.056202814789089
144.5 0.0558430820353748
144.5625 0.0554867830432899
144.625 0.0551338743635807
144.6875 0.0547843132302603
144.75 0.0544380575477896
144.8125 0.0540950658785366
144.875 0.0537552974305084
144.9375 0.0534187120453482
145 0.0530852701865913
145.0625 0.0527549329281736
145.125 0.0524276619431863
145.1875 0.0521034194928711
145.25 0.05178216841585
145.3125 0.0514638721175834
145.375 0.0511484945600522
145.4375 0.0508360002516572
145.5 0.0505263542373317
145.5625 0.0502195220888611
145.625 0.049915469895406
145.6875 0.0496141642542221
145.75 0.0493155722615741
145.8125 0.0490196615038376
145.875 0.0487264000487855
145.9375 0.0484357564370538
146 0.0481476996737832
146.0625 0.0478621992204323
146.125 0.047579224986758
146.1875 0.0472987473229593
146.25 0.0470207370119815
146.3125 0.0467451652619759
146.375 0.0464720036989122
146.4375 0.0462012243593399
146.5 0.0459327996832951
146.5625 0.0456667025073499
146.625 0.0454029060578002
146.6875 0.04514138394399
146.75 0.0448821101517681
146.8125 0.044625059037074
146.875 0.0443702053196521
146.9375 0.0441175240768882
147 0.0438669907377683
147.0625 0.0436185810769554
147.125 0.0433722712089826
147.1875 0.0431280375825584
147.25 0.0428858569749844
147.3125 0.0426457064866795
147.375 0.0424075635358117
147.4375 0.0421714058530319
147.5 0.0419372114763104
147.5625 0.0417049587458715
147.625 0.0414746262992255
147.6875 0.0412461930662954
147.75 0.0410196382646365
147.8125 0.0407949413947465
147.875 0.0405720822354645
147.9375 0.0403510408394569
148 0.0401317975287883
148.0625 0.0399143328905759
148.125 0.0396986277727244
148.1875 0.039484663279742
148.25 0.0392724207686327
148.3125 0.0390618818448666
148.375 0.0388530283584237
148.4375 0.0386458423999112
148.5 0.0384403062967531
148.5625 0.0382364026094483
148.625 0.0380341141278993
148.6875 0.0378334238678066
148.75 0.0376343150671293
148.8125 0.0374367711826107
148.875 0.0372407758863662
148.9375 0.0370463130625337
149 0.0368533668039838
149.0625 0.0366619214090899
149.125 0.036471961378556
149.1875 0.0362834714123017
149.25 0.0360964364064026
149.3125 0.0359108414500853
149.375 0.0357266718227762
149.4375 0.0355439129912023
149.5 0.0353625506065435
149.5625 0.0351825705016353
149.625 0.0350039586882207
149.6875 0.0348267013542503
149.75 0.0346507848612297
149.8125 0.0344761957416137
149.875 0.0343029206962456
149.9375 0.0341309465918408
150 0.0339602604585149
150.0625 0.0337908494873539
150.125 0.0336227010280266
150.1875 0.033455802586438
150.25 0.0332901418224235
150.3125 0.0331257065474824
150.375 0.0329624847225496
150.4375 0.0328004644558064
150.5 0.0326396340005277
150.5625 0.0324799817529664
150.625 0.0323214962502729
150.6875 0.0321641661684506
150.75 0.0320079803203455
150.8125 0.0318529276536693
150.875 0.0316989972490564
150.9375 0.0315461783181528
151 0.0313944602017372
151.0625 0.0312438323678735
151.125 0.0310942844100937
151.1875 0.0309458060456114
151.25 0.0307983871135645
151.3125 0.0306520175732869
151.375 0.0305066875026091
151.4375 0.0303623870961863
151.5 0.0302191066638539
151.5625 0.0300768366290101
151.625 0.0299355675270251
151.6875 0.0297952900036758
151.75 0.0296559948136058
151.8125 0.0295176728188112
151.875 0.0293803149871499
151.9375 0.0292439123908754
152 0.0291084562051946
152.0625 0.028973937706848
152.125 0.0288403482727128
152.1875 0.0287076793784291
152.25 0.0285759225970473
152.3125 0.0284450695976968
152.375 0.0283151121442766
152.4375 0.0281860420941664
152.5 0.0280578513969576
152.5625 0.0279305320932049
152.625 0.0278040763131973
152.6875 0.0276784762757486
152.75 0.0275537242870062
152.8125 0.0274298127392797
152.875 0.0273067341098865
152.9375 0.0271844809600164
153 0.0270630459336132
153.0625 0.0269424217562737
153.125 0.0268226012341642
153.1875 0.0267035772529532
153.25 0.0265853427767607
153.3125 0.0264678908471237
153.375 0.0263512145819775
153.4375 0.0262353071746527
153.5 0.0261201618928874
153.5625 0.0260057720778544
153.625 0.0258921311432032
153.6875 0.0257792325741167
153.75 0.0256670699263822
153.8125 0.025555636825476
153.875 0.0254449269656621
153.9375 0.0253349341091048
154 0.0252256520849939
154.0625 0.0251170747886833
154.125 0.025009196180843
154.1875 0.0249020102866227
154.25 0.024795511194829
154.3125 0.0246896930571136
154.375 0.0245845500871746
154.4375 0.0244800765599693
154.5 0.0243762668109379
154.5625 0.0242731152352398
154.625 0.0241706162870002
154.6875 0.0240687644785685
154.75 0.0239675543797864
154.8125 0.0238669806172684
154.875 0.0237670378736909
154.9375 0.0236677208870931
155 0.0235690244501875
155.0625 0.0234709434096801
155.125 0.023373472665601
155.1875 0.0232766071706441
155.25 0.0231803419295168
155.3125 0.0230846719982988
155.375 0.0229895924838099
155.4375 0.0228950985429872
155.5 0.0228011853822712
155.5625 0.0227078482570003
155.625 0.0226150824708141
155.6875 0.0225228833750651
155.75 0.0224312463682391
155.8125 0.0223401668953833
155.875 0.0222496404475427
155.9375 0.0221596625612044
156 0.0220702288177497
156.0625 0.0219813348429138
156.125 0.0218929763062535
156.1875 0.0218051489206215
156.25 0.021717848441649
156.3125 0.0216310706672346
156.375 0.0215448114370411
156.4375 0.0214590666319986
156.5 0.0213738321738149
156.5625 0.0212891040244924
156.625 0.0212048781858519
156.6875 0.0211211506990629
156.75 0.02103791764418
156.8125 0.0209551751396861
156.875 0.0208729193420417
156.9375 0.0207911464452401
157 0.0207098526803694
157.0625 0.020629034315179
157.125 0.0205486876536539
157.1875 0.020468809035593
157.25 0.0203893948361945
157.3125 0.0203104414656456
157.375 0.020231945368719
157.4375 0.0201539030243738
157.5 0.0200763109453622
157.5625 0.0199991656778416
157.625 0.0199224638009917
157.6875 0.0198462019266365
157.75 0.0197703766988715
157.8125 0.0196949847936962
157.875 0.0196200229186511
157.9375 0.0195454878124593
158 0.0194713762446732
158.0625 0.0193976850153261
158.125 0.0193244109545875
158.1875 0.019251550922424
158.25 0.0191791018082636
158.3125 0.0191070605306654
158.375 0.0190354240369927
158.4375 0.0189641893030913
158.5 0.0188933533329708
158.5625 0.0188229131584914
158.625 0.0187528658390535
158.6875 0.0186832084612925
158.75 0.0186139381387762
158.8125 0.0185450520117075
158.875 0.01847654724663
158.9375 0.0184084210361376
159 0.0183406705985878
