Random matrix A
     0,249      0,111      0,467      0,772      0,658 
     0,111      0,433      0,354      0,944      0,101 
     0,467      0,354      0,642     0,0286      0,248 
     0,772      0,944     0,0286       0,32       0,99 
     0,658      0,101      0,248       0,99      0,682 
Matrix V consisting of eigenvectors
     0,323     -0,772      0,332     0,0459      0,433 
     0,476     0,0822     -0,773      0,194      0,363 
    -0,222      0,207      0,232      0,886      0,264 
    -0,728     -0,112     -0,258     -0,259      0,569 
     0,299      0,585      0,415      -0,33      0,536 

Vector w consisting of eigenvalues
     -1,04     -0,274       0,54      0,643       2,45 
Diagonal Matrix D

     -1,04   2,17e-19  -0,000204  -0,000139   -5,4e-06 
 -1,82e-17     -0,274   0,000607   5,17e-05  -1,17e-08 
 -0,000204   0,000607       0,54          0    0,00107 
 -0,000139   5,17e-05  -2,78e-17      0,643   0,000995 
  -5,4e-06  -1,17e-08    0,00107   0,000995       2,45 

Does V_transpose*A*V=D?
True

Does V*D*V_transpose=A?
True

Does V*V_transpose=IdMatrix?
True

Does V_transpose*V=IdMatrix?
True
