Matrix A
     0,249      0,111      0,467      0,772      0,658 
     0,433      0,354      0,944      0,101      0,642 
    0,0286      0,248       0,32       0,99      0,682 
     0,655      0,283      0,615      0,704      0,702 
      0,95     0,0934      0,161      0,382      0,798 
     0,169      0,794      0,307      0,823      0,886 
     0,556      0,717      0,699     0,0136      0,992 
     0,806      0,859     0,0625      0,514      0,525 
Matrix Q
     0,155     -0,051      0,324      0,425     0,0227 
      0,27     0,0678      0,629     -0,312     -0,285 
    0,0179      0,223      0,206      0,603      0,131 
     0,409     -0,143      0,261      0,228      -0,39 
     0,593     -0,515     -0,209      0,113      0,475 
     0,106      0,663    -0,0618      0,258      0,262 
     0,347      0,341      0,212     -0,475      0,471 
     0,503       0,32     -0,544    -0,0287     -0,482 
Matrix R
       1,6       1,05      0,986       1,03       1,75 
         0       1,03      0,403      0,605      0,744 
         0          0       1,03      0,294      0,644 
         0          0          0       1,29      0,482 
         0          0          0          0      0,474 
Is R upper triangular? True
Matrix Q_transposed * Q
         1   1,39e-16  -1,11e-16  -1,56e-17   4,16e-16 
  1,39e-16          1   1,67e-16   9,02e-17  -5,55e-17 
 -1,11e-16   1,67e-16          1  -1,56e-17   5,55e-17 
 -1,56e-17   9,02e-17  -1,56e-17          1   1,84e-16 
  4,16e-16  -5,55e-17   5,55e-17   1,84e-16          1 
Does Q_transposed * Q approximate to the identity matrix: True
Matrix QR
     0,249      0,111      0,467      0,772      0,658 
     0,433      0,354      0,944      0,101      0,642 
    0,0286      0,248       0,32       0,99      0,682 
     0,655      0,283      0,615      0,704      0,702 
      0,95     0,0934      0,161      0,382      0,798 
     0,169      0,794      0,307      0,823      0,886 
     0,556      0,717      0,699     0,0136      0,992 
     0,806      0,859     0,0625      0,514      0,525 
Does A approximate to QR: True
#################################################################### 
 Testing solve for square matrix
####################################################################
Square A matrix
     0,273      0,994      0,691      0,387      0,434 
     0,675      0,677      0,473      0,245      0,353 
     0,526      0,169      0,347      0,692      0,395 
     0,155       0,95      0,085      0,974      0,488 
     0,639     0,0469      0,121      0,215     0,0862 
b Vector     0,312      0,549      0,306      0,998      0,876 
Square Q matrix
     0,245      0,616      0,622    -0,0569     -0,412 
     0,607      0,108    0,00624     -0,509      0,601 
     0,473     -0,201      0,236      0,793      0,227 
     0,139      0,656     -0,683      0,289   -0,00667 
     0,574     -0,371     -0,301     -0,161     -0,646 
Square R matrix
      1,11      0,894      0,701      0,829      0,625 
         0       1,26      0,418      0,685      0,515 
         0          0       0,42     -0,324    0,00666 
         0          0          0      0,649      0,236 
         0          0          0          0     0,0647 
QR
     0,273      0,994      0,691      0,387      0,434 
     0,675      0,677      0,473      0,245      0,353 
     0,526      0,169      0,347      0,692      0,395 
     0,155       0,95      0,085      0,974      0,488 
     0,639     0,0469      0,121      0,215     0,0862 
QRGS solve       1,3       1,36     -0,119       1,83      -4,65 
Ax     0,312      0,549      0,306      0,998      0,876 
Does Ax approximate b: True
Inverse of square A
    -0,571      0,803     -0,416     0,0355       1,29 
     0,787      -0,34      -1,72      0,717       1,27 
       3,3      -3,34      0,463      -1,25       2,05 
      2,23      -4,16     -0,056      0,483       3,38 
     -6,37       9,29       3,52     -0,103      -9,98 
A*B
         1  -8,88e-16          0   3,12e-16   1,78e-15 
 -4,44e-16          1  -4,44e-16  -6,52e-16   8,88e-16 
         0  -8,88e-16          1  -5,97e-16   4,44e-16 
         0  -8,88e-16  -4,44e-16          1          0 
  5,55e-16   5,55e-16   1,67e-16   5,52e-16          1 
Does AB=I :True
