0 1
0.0478868646111622 0.976056567694419
0.0934874474107802 0.953307312703284
0.137603958616775 0.931390862517761
0.180710045535079 0.9101053990063
0.223090688770112 0.889341055675694
0.264919298098538 0.869042142320409
0.306302052080381 0.849185158603939
0.347304154413035 0.829765643503941
0.387965688026517 0.810790172500739
0.428311311642962 0.792271438037904
0.46835624055347 0.774225210960594
0.508109956579585 0.756668463250825
0.547578518968633 0.739618213393108
0.586766008921358 0.723090823912589
0.625675435992944 0.707101583168267
0.664309309715471 0.691664466712354
0.702670002852065 0.676792012780095
0.740759985035755 0.662495270934808
0.778581975918441 0.648783798163189
0.816139048488965 0.635665686255871
0.853434701684502 0.623147610268951
0.890472914196902 0.611234891586217
0.927258186836868 0.599931571427688
0.96379557794916 0.58924049210175
1.00009073453809 0.579163384201966
1.03614992056888 0.569700958508221
1.07198004311037 0.560853001690383
1.10758867642519 0.552618475107457
1.14298408370143 0.544995616092536
1.17817523580034 0.537982041141101
1.21317182613842 0.531574850393721
1.24798428061787 0.525770732734022
1.28262376136781 0.52056607071642
1.31710216296955 0.51595704440264
1.35143209982769 0.511939733030588
1.38562688343181 0.50851021327524
1.41970048844641 0.505664652704364
1.45366750687761 0.503399396900363
1.48754308999227 0.501711048633701
1.52134287819192 0.5005965374534
1.5550829196381 0.500053178122659
1.58877957904104 0.500078716483286
1.62244943860357 0.500671361582332
1.65610919359713 0.501829803228385
1.68977554538529 0.503553214542899
1.72346509486337 0.505841239504661
1.75719423923597 0.508693965919121
1.79097907481426 0.512111884645228
1.8248353081129 0.516095836251354
1.85877817700837 0.520646946528399
1.89282238314101 0.525766552451883
1.92698203615716 0.531456120255843
1.96127060984308 0.537717157268826
1.99570090973294 0.544551119081332
2.03028505140267 0.551959313483491
2.06503444839544 0.5599428024506
2.09995980856168 0.568502303279926
2.13507113752498 0.577638089809496
2.17037774798796 0.587349894489173
2.2058882736537 0.597636811933366
2.24161068663819 0.608497204467152
2.27755231737457 0.61992861008448
2.31371987614606 0.631927653167773
2.35011947552199 0.644489958270514
2.38675665310331 0.657610067235293
2.42363639410502 0.671281359906296
2.4607631534114 0.68549597869386
2.49814087683356 0.700244757256615
2.53577302137826 0.71551715358103
2.57366257440331 0.731301187756529
2.61181207158792 0.747583384764615
2.65022361368962 0.764348722621016
2.6888988820922 0.781580586229219
2.72783915317458 0.799260727320844
2.76704531154939 0.817369230872048
2.80651786223298 0.835884488394918
2.84625694181796 0.854783178507856
2.88626232872471 0.874040255188918
2.92653345261141 0.893628944110363
2.96706940302282 0.913520747441211
3.00786893735772 0.933685457486918
3.04893048823305 0.954091179511385
3.09025217032007 0.974704364056212
3.13183178672531 0.995489849035363
3.17366683498504 1.01641091184031
3.21575451273896 1.03742933164134
3.25809172314459 1.05850546201516
3.30067508009043 1.07959831396771
3.34350091326215 1.10066564935416
3.38656527311226 1.12166408462622
3.42986393578044 1.14254920476038
3.473392408008 1.16327568714036
3.51714593208679 1.18379743508327
3.56111949087942 1.2040677206127
3.60530781294478 1.22403933599427
3.64970537779963 1.24366475346027
3.6943064213441 1.26289629246184
3.73910494147627 1.28168629369994
3.7840947039179 1.29998729910149
3.82926924827114 1.31775223682589
3.87462189432289 1.33493461031046
3.92014574861136 1.35148869029228
3.96583371126664 1.36736970867985
4.01167848313468 1.38253405309198
4.05767257319169 1.39693946083382
4.10380830625363 1.41054521104313
4.15007783098318 1.42331231371279
4.19647312819438 1.43520369428116
4.24298601945276 1.44618437247881
4.28960817596712 1.45622163412996
4.33633112776652 1.46528519462997
4.38314627315459 1.47334735285603
4.43004488843108 1.48038313431742
4.4770181378689 1.48637042241358
4.52405708393325 1.49129007674297
4.57115269772773 1.49512603749211
4.61829586965102 1.49786541503191
4.6654774202462 1.49949856395675
4.71268811122365 1.50001914091863
4.75991865663738 1.49942414573442
4.80715973419362 1.4977139453757
4.85440199666972 1.49489228058809
4.9016360834208 1.49096625502716
4.94885263195103 1.48594630694075
4.99604228952613 1.47984616357019
5.04319572480333 1.47268277858414
5.09030363945549 1.46447625299712
5.1373567797655 1.45524974015803
5.18434594816826 1.44502933552121
5.2312620147173 1.43384395203209
5.27809592845429 1.42172518206942
5.32483872866031 1.40870714698622
5.3714815559688 1.39482633538012
5.4180156633213 1.38012143129982
5.46443242674844 1.36463313365791
5.51072335596026 1.34840396816993
5.55688010473135 1.3314780931756
5.60289448106832 1.31390110072032
5.64875845714905 1.29571981428312
5.69446417902527 1.27698208453213
5.74000397608218 1.25773658447015
5.78537037025131 1.23803260530175
5.83055608497531 1.21791985431106
5.87555405392609 1.19744825598544
5.92035742948023 1.17666775755691
5.96495959095895 1.1556281400614
6.00935415264246 1.13437883593551
6.05353497157208 1.11296875408514
6.09749615515661 1.09144611326851
6.14123206860279 1.06985828454171
6.18473734219349 1.04825164341703
6.22800687844067 1.02667143228572
6.27103585914422 1.00516163355794
6.31381975239149 0.983764853874474
6.35635431953675 0.96252221964957
6.39863562220368 0.941473284110877
6.44066002935858 0.920655945914215
6.48242422450649 0.900106379326685
6.52392521306659 0.879858975893139
6.56516032998831 0.859946297428601
6.60612724767372 0.840399040113234
6.64682398427649 0.821246009407471
6.68724891245179 0.80251410545308
6.72740076863546 0.784228318581505
6.76727866293406 0.766411734513838
6.80688208970986 0.749085548807243
6.84621093894614 0.732269090080478
6.8852655084778 0.715979851536107
6.92404651716979 0.70023353028881
6.96255511912041 0.685044074007481
7.00079291895748 0.670423734383001
7.03876198828126 0.656383126943113
7.07646488328845 0.642931296749888
7.11390466358372 0.630075789532886
7.15108491214933 0.617822727831088
7.18800975639584 0.606176891737662
7.22468389015729 0.595141803861699
7.26111259641991 0.584719818138373
7.29730177048335 0.574912212130807
7.33325794314712 0.565719282470692
7.36898830339112 0.557140443076978
7.40450071988184 0.549174325769438
7.43980376048621 0.541818882853113
7.47490670882215 0.535071491187278
7.50981957672656 0.528929057166418
7.54455311139299 0.523388121929491
7.57911879583823 0.518444965978931
7.6135288413209 0.514095712236261
7.64779617037569 0.510336426394879
7.68193438926447 0.507163213264282
7.71595774889491 0.504572307649797
7.74988109362273 0.502560158196492
7.78371979783005 0.501123502565895
7.81748969073408 0.500259432328018
7.85120697049175 0.499965446053473
7.88488810927319 0.500239489287593
7.91854975152297 0.501079980376879
7.95220860805506 0.502485821483191
7.98588134888803 0.504456394538222
8.01958449779372 0.506991542328171
8.05333433139872 0.510091535321869
8.08714678536212 0.513757025232507
8.12103736969385 0.517988986607967
8.15502109472598 0.522788647961247
8.1891124086604 0.528157414074967
8.22332514704336 0.534096781146854
8.2576724940018 0.540608246398417
8.29216695464873 0.547693213663939
8.32682033773956 0.55535289633065
8.36164374744184 0.563588218832004
8.39664758295923 0.572399717720872
8.43184154471402 0.581787443180983
8.46723464582309 0.591750861682394
8.50283522768264 0.602288760355731
8.53865097858973 0.613399153553066
8.57468895446042 0.6250791919808
8.61095560084167 0.637325074730322
8.64745677555046 0.650131964493042
8.68419777140096 0.663493906224557
8.72118333859637 0.677403749514859
8.75841770646413 0.691853074924626
8.79590460430064 0.706832124558612
8.83364728116506 0.722329737163519
8.87164852452216 0.738333288057167
8.90991067768295 0.754828634216368
8.94843565603005 0.771800064871133
8.98722496204433 0.789230257971317
9.02627969917184 0.807100242907545
9.06560058458598 0.825389369880365
9.10518796091128 0.84407528631934
9.14504180698259 0.863133920756683
9.18516174771776 0.882539474557548
9.22554706318398 0.902264421900963
9.26619669693785 0.922279518391178
9.30710926371857 0.942553818658888
9.34828305657108 0.963054703285069
9.38971605347343 0.983747915347088
9.43140592353945 1.00459760684721
9.47335003286409 1.02556639523781
9.5155454500753 1.04661543020542
9.55798895165249 1.06770447081787
9.60067702706785 1.08879197307477
9.64360588380325 1.10983518783274
9.68677145229164 1.13079026900262
9.73016939082843 1.15161239183785
9.77379509049513 1.17225588105106
9.81764368013379 1.19267434841123
9.86171003140805 1.21282083938658
9.9059887639832 1.23264798831011
9.95047425085483 1.25210818145602
9.9951606238527 1.27115372732733
10.0400417793436 1.28973703336875
10.0851113841543 1.3078107882355
10.1303628817333 1.32532814866933
10.1757894985662 1.34224292995867
10.2213842508595 1.3585097988919
10.2671399515023 1.3740844680517
10.313049217315 1.38892389024637
10.3591044765899 1.40298645183074
10.4052979769298 1.41623216363694
10.4516217933824 1.42862284821336
10.4980678368734 1.44012232206082
10.5446278629327 1.45069657155715
10.5912934807096 1.46031392127743
10.6380561622705 1.46894519344496
10.6849072521695 1.47656385729047
10.7318379772808 1.48314616715115
10.7788394568821 1.48867128820913
10.8259027129725 1.49312140884848
10.8730186808107 1.49648183870165
10.9201782196567 1.49874109155834
10.9673721236972 1.49989095242216
11.0145911331364 1.49992652812136
11.0618259454308 1.49884628100808
11.1090672266468 1.49665204541489
11.1563056229195 1.4933490266762
11.2035317719879 1.48894578266362
11.2507363147863 1.48345418792708
11.2979099070647 1.47688938067602
11.3450432310184 1.46926969297476
11.3921270068996 1.46061656466287
11.439152004591 1.45095444164175
11.4861090551154 1.440310659293
11.5329890620616 1.4287153119094
11.5797830129031 1.4162011091253
11.6264819901904 1.4028032204283
11.6730771825958 1.3885591089174
11.7195598957941 1.37350835554329
11.7659215631608 1.35769247512429
11.8121537562733 1.34115472547484
11.8582481952015 1.32393991101371
11.9041967585755 1.30609418223502
11.9499914934218 1.28766483242747
11.995624624759 1.26870009301627
12.0410885649493 1.24924892887805
12.0863759228023 1.22936083494308
12.1314795124303 1.20908563535157
12.1763923618595 1.18847328637283
12.2211077214002 1.16757368422869
12.2656190717864 1.14643647888712
12.3099201320942 1.12511089480931
12.3540048674556 1.10364555954487
12.3978674965845 1.08208834097739
12.441502499136 1.06048619392565
12.4849046229259 1.03888501670831
12.5280688910368 1.01732951818042
12.5709906088453 0.995863095651835
12.6136653710064 0.974527724000216
12.6560890684356 0.953363856197105
12.6982578953348 0.932410335374166
12.74016835631 0.911704318470096
12.7818172736371 0.89128121141697
12.8232017947314 0.87117461574884
12.8643193998871 0.851416286445732
12.9051679103523 0.832036100763196
12.9457454968121 0.813062037741689
12.9860506883564 0.794520168041386
13.026082382012 0.776434653706874
13.0658398529213 0.758827757432388
13.1053227652534 0.741719860871975
13.144531183932 0.725129491519883
13.1834655872648 0.709073357674467
13.2221268805555 0.693566390993574
13.2605164107709 0.678621796150279
13.2986359823265 0.664251107104464
13.3364878740372 0.650464249517322
13.3740748572548 0.637269608851616
13.4114002151866 0.624674103719321
13.4484677633448 0.612683264058875
13.4852818710273 0.601301313745123
13.5218474836607 0.590531257254169
13.5581701457605 0.580374970020646
13.5942560241615 0.570833292133658
13.6301119310609 0.561906125016792
13.665745346284 0.55359253072401
13.7011644380423 0.545890833453142
13.7363780812982 0.538798722829033
13.7713958727009 0.532313358435912
13.8062281409154 0.526431474981644
13.8408859510498 0.521149487354761
13.8753811018185 0.51646359469112
13.9097261140683 0.512369882406152
13.9439342093801 0.508864420980655
13.9780192776386 0.505943360126525
14.011995832765 0.503603016821198
14.0458789562229 0.501839955605583
14.0796842284212 0.500651059509982
14.1134276487317 0.500033590023198
14.1471255454521 0.499985234663018
14.1807944776339 0.500504140943895
14.2144511311975 0.50158893586166
14.2481122121149 0.503238730406182
14.2817943396214 0.505453109042973
14.3155139423948 0.508232104540289
14.3492871604264 0.511576158925226
14.3831297549247 0.515486071700777
14.4170570280837 0.519962936723831
14.4510837539779 0.525008069320096
14.4852241212524 0.530622925294652
14.5194916877285 0.536809013494313
14.553899346563 0.543567803504942
14.5884593032128 0.550900629941563
14.6231830621811 0.558808594630824
14.6580814223422 0.567292467811937
14.6931644795619 0.576352589308582
14.7284416353209 0.585988770461731
14.7639216101096 0.596200197469568
14.7996124604513 0.606985336659946
14.8355215985401 0.618341842124525
14.8716558136106 0.630266466071397
14.908021294297 0.642754972202603
14.9446236513713 0.655802052391629
14.9814679403723 0.669401246920607
15.0185586837495 0.683544868534206
15.055899892238 0.698223930574067
15.0934950852661 0.713428079471259
15.1313473102616 0.729145531892166
15.1694591607789 0.74536301685338
15.2078327934149 0.762065723141781
15.2464699435129 0.779237252395605
15.2853719396821 0.796859578219725
15.3245397171797 0.814913011722637
15.3639738302154 0.833376173872944
15.4036744632489 0.852225975078892
15.4436414413557 0.871437602395105
15.4838742397412 0.890984514755826
15.5243719924829 0.910838446623225
15.5651335005806 0.930969420422545
15.6061572393939 0.951345768112798
15.6474413655408 0.971934162212269
15.6889837233328 0.992699656562242
15.7307818508143 1.01360573707011
15.7728329854725 1.03461438262449
15.8151340696807 1.05568613632028
15.857681755932 1.07678018707102
15.9004724119205 1.09785446162
15.9435021255177 1.11886572688997
15.9867667096954 1.13976970253588
16.0302617074355 1.16052118348483
16.0739823966699 1.18107417216424
16.1179237952875 1.20138202003352
16.1620806662404 1.22139757794647
16.2064475227844 1.24107335478334
16.2510186338779 1.26036168370307
16.2957880297679 1.27921489527856
16.3407495077838 1.29758549669309
16.3858966383598 1.31542635609389
16.4312227713025 1.33269089112181
16.4767210423194 1.3493332605639
16.5223843798192 1.36530855801106
16.5682055119953 1.38057300634532
16.6141769741977 1.3950841518331
16.6602911166004 1.40880105656192
16.7065401121652 1.42168448793028
16.7529159649041 1.43369710388367
16.7994105184369 1.44480363258534
16.8460154648411 1.45497104521849
16.892722353788 1.4641687206376
16.9395226019574 1.47236860062081
16.9864075027208 1.47954533452265
17.0333682360814 1.48567641218647
17.0803958788588 1.490742284049
17.1274814151019 1.4947264674543
17.1746157467152 1.49761563829062
17.2217897042801 1.49939970717046
17.268994058052 1.50007187949004
17.3162195291142 1.49962869882886
17.3634568006665 1.49807007328065
17.4106965294273 1.49539928444393
17.4579293571261 1.49162297893987
17.5051459220646 1.48675114246803
17.5523368707215 1.48079705655286
17.5994928693782 1.47377723827571
17.6466046157417 1.46571136342546
17.6936628505417 1.45662217363535
17.7406583690769 1.44653536820128
17.7875820326907 1.43547948139768
17.8344247801518 1.42348574621826
17.8811776389192 1.41058794557053
17.9278317362725 1.39682225204304
17.9743783102865 1.38222705744199
18.0208087206342 1.36684279335954
18.0671144592007 1.35071174408692
18.1132871604944 1.33387785322426
18.1593186118411 1.31638652536221
18.205200763353 1.29828442422126
18.2509257376602 1.27961926863065
18.2964858394012 1.26043962771241
18.3418735644668 1.24079471660682
18.3870816089958 1.22073419403412
18.4321028781239 1.20030796293576
18.4769304944894 1.17956597537566
18.5215578065014 1.15855804281172
18.5659783963825 1.1373336527684
18.6101860879954 1.11594179285642
18.6541749544727 1.09443078299489
18.6979393256674 1.07284811659675
18.7414737954474 1.05124031138139
18.784773228861 1.02965277037922
18.8278327692039 1.0081296535947
18.8706478450219 0.986713760695486
18.9132141770869 0.965446424999988
18.9555277853914 0.944367418941946
18.9975849962049 0.923514871101538
19.0393824492468 0.90292519480786
19.0809171050307 0.882633028238277
19.1221862524391 0.862671185866867
19.1631875165965 0.843070621047312
19.203918867108 0.823860399455627
19.2443786267387 0.805067683065305
19.2845654806105 0.786717724281997
19.3244784859993 0.768833869826851
19.3641170828136 0.751437573927083
19.4034811048433 0.734548420349178
19.4425707918606 0.718184152794089
19.4813868026581 0.702360713164728
19.5199302291012 0.687092287213413
19.5582026112652 0.672391357080394
19.596205953712 0.65826876024341
19.6339427429459 0.644733754411714
19.6714159660572 0.631794087915202
19.7086291305318 0.619456075159033
19.7455862851565 0.607724676735045
19.7822920418928 0.596603583801636
19.8187515985199 0.586095306361617
19.8549707617593 0.576201265080352
19.890955970491 0.566921886291567
19.9267143185471 0.558256699832359
19.9622535764365 0.550204439328727
19.9975822112024 0.542763144514935
20.0327094034651 0.535930265110919
20.0676450605496 0.529702765699233
20.1023998244668 0.524077230935372
20.136985073419 0.519049970293628
20.1714129154507 0.51461712139845
20.2056961728993 0.510774750825943
20.2398483564192 0.507518951092957
20.2738836275874 0.50484593239749
20.3078167494476 0.502752107552613
20.341663024811 0.501234168486864
20.375438222685 0.500289152686429
20.4091584938071 0.499914498043512
20.4428402768728 0.500108084758944
20.4765001976066 0.500868263223152
20.5101549632696 0.502193867155216
20.5438212554868 0.504084211691266
20.5775156243694 0.506539076550206
20.6112543868036 0.509558674832138
20.6450535314841 0.513143608390179
20.6789286328292 0.517294811032686
20.7128947753716 0.522013481042507
20.7469664896322 0.527301004635662
20.7811576999056 0.533158872026819
20.8154816838608 0.539588587734262
20.8499510434185 0.546591576659329
20.8845776860256 0.554169087333617
20.9193728152149 0.562322093560451
20.9543469292017 0.571051195501922
20.9895098262216 0.580356521092741
21.0248706153379 0.590237628506843
21.0604377315177 0.600693410268411
21.0962189538896 0.611721999488563
21.1322214262217 0.623320678623069
21.1684516787986 0.635485791083771
21.2049156510107 0.64821265599446
21.2416187141008 0.661495486357899
21.278565693628 0.675327310891047
21.3157608913142 0.689699899787293
21.3532081060277 0.704603694674578
21.390910653735 0.720027743054013
21.4288713863118 0.735959637522735
21.4670927091559 0.752385460105313
21.5055765975845 0.769289732038344
21.5443246120295 0.786655369371711
21.5833379120649 0.804463644766175
21.6226172693215 0.822694155879635
21.6621630793532 0.84132480074284
21.7019753725271 0.860331760528962
21.7420538240165 0.879689490119763
21.7823977629753 0.899370716863801
21.8230061809753 0.919346447908814
21.8638777397852 0.939585986471
21.9050107785682 0.960056957378167
21.9464033205745 0.980725342191551
21.9880530793978 1.00155552417253
22.0299574648662 1.02251034331555
22.0721135886298 1.04355116161743
22.1145182695073 1.06463793869597
22.1571680386469 1.08572931780789
22.2000591445557 1.1067827222478
22.2431875580471 1.12775446203673
22.286548977151 1.14859985073094
22.3301388320315 1.16927333210041
22.3739522899486 1.18972861634208
22.417984260303 1.2099188254058
22.462229399794 1.2297966469232
22.5066821177232 1.24931449614065
22.5513365814681 1.2684246851698
22.5961867221531 1.28707959878232
22.6412262405365 1.30523187589172
22.6864486131337 1.32283459578527
22.7318470985928 1.33984146809368
22.7774147443355 1.35620702541729
22.8231443934756 1.37188681746558
22.8690286920224 1.38683760551325
22.9150600963763 1.40101755593159
22.9612308811205 1.41438643151982
23.0075331471097 1.42690577933749
23.053958829857 1.43853911372805
23.1004997082144 1.44925209322401
23.1471474133434 1.45901269003793
23.193893437969 1.46779135087007
23.2407291459079 1.4755611478031
23.2876457818604 1.48229791810732
23.3346344814544 1.48798039184523
23.3816862815274 1.49259030624263
23.4287921306298 1.49611250588288
23.475942899735 1.49853502788212
23.5231293931357 1.49984917131367
23.5703423595083 1.50004955026985
23.6175725031251 1.49913413007628
23.6648104951916 1.49710424630767
23.7120469852886 1.49396460639173
23.7592726128948 1.48972327372944
23.8064780189671 1.48439163440237
23.8536538575562 1.4779843466802
23.9007908074322 1.47051927368216
23.9478795836975 1.46201739968302
23.9949109493639 1.45250273068578
24.0418757268698 1.4420021800087
24.0887648095172 1.43054543975048
24.1355691728038 1.41816483910532
24.182279885632 1.40489519059598
24.228888121374 1.39077362537811
24.2753851687744 1.37583941884171
24.3217624426736 1.36013380779489
24.3680114945355 1.34369980056117
24.4141240227678 1.3265819813533
24.4600918828197 1.30882631030499
24.5059070970503 1.29047992054596
24.5515618643573 1.27159091369691
24.5970485695624 1.25220815513877
24.6423597925483 1.23238107037616
24.6874883171489 1.21215944376944
24.7324271397929 1.19159322085276
24.777169477907 1.17073231539011
24.821708778086 1.14962642224643
24.8660387240407 1.12832483706966
24.9101532443382 1.1068762836916
24.9540465199515 1.08532875006362
24.9977129916401 1.06372933344688
25.0411473671847 1.04212409547942
25.084344628506 1.02055792764312
25.1273000386982 0.999074427554982
25.1700091490146 0.977715786409957
25.2124678058439 0.956522687807401
25.2546721577235 0.935534218101714
25.2966186624371 0.914787788330242
25.3383040942509 0.894319067689099
25.379725551346 0.874161928450712
25.4208804635091 0.854348402146281
25.4617666001497 0.834908646772353
25.5023820787129 0.81587092472376
25.5427253735662 0.797261591105447
25.5827953254373 0.779105092033392
25.6225911514866 0.761423972499998
25.6621124560984 0.744238893351928
25.7013592424765 0.727568656908183
25.7403319251287 0.711430240733236
25.7790313433215 0.695838839073673
25.8174587755801 0.680807911466847
25.8556159552981 0.666349238035825
25.8935050875068 0.652472980995839
25.9311288668302 0.639187751912603
25.9684904966243 0.626500684271309
26.0055937092593 0.614417510935539
26.0424427874519 0.602942646096251
26.0790425864917 0.592079271330576
26.1153985571293 0.581829425406209
26.1515167687949 0.572194097477072
26.1874039327088 0.563173323316865
26.2230674243155 0.554766284225609
26.2585153043318 0.546971408217048
26.2937563375496 0.539786473048275
26.3288000083782 0.533208710584143
26.3636565319697 0.527234911895911
26.3983368596484 0.521861532375543
26.4328526772874 0.517084796006133
26.4672163952557 0.5129007977701
26.501441128629 0.509305603009007
26.5355406665214 0.506295342385265
26.5695294296784 0.503866300953301
26.6034224158689 0.502014999745748
26.6372351331177 0.500738268238832
26.6709835214004 0.500033306098439
26.7046838640373 0.499897732736718
26.7383526906212 0.500329623432474
26.7720066738307 0.501327531080314
26.8056625228689 0.502890493016027
26.83933687647 0.505018022791884
26.8730461984347 0.507710087212613
26.9068066784597 0.510967069356266
26.9406341406724 0.51478971866335
26.9745439617882 0.519179089459022
27.0085510002387 0.524136469463585
27.0426695370344 0.529663299943208
27.0769132285569 0.535761089162541
27.1112950709901 0.542431320737457
27.1458273756938 0.549675358367556
27.1805217545299 0.55749434827362
27.2153891139605 0.565889120492942
27.2504396566397 0.574860090011023
27.2856828892056 0.584407158543226
27.3211276350259 0.594529617632999
27.3567820507397 0.605226053608801
27.3926536455609 0.616494254841787
27.4287493024384 0.628331121670456
27.4650753003104 0.640732579304802
27.5016373368233 0.653693493988504
27.538440551007 0.6672075926801
27.5754895455166 0.681267386509619
27.6127884081418 0.695864098272742
27.6503407323752 0.710987594237321
27.6881496368942 0.726626320554526
27.7262177838737 0.742767244586828
27.7645473960883 0.759395801485681
27.8031402728016 0.776495846371654
27.8419978044646 0.794049612487564
27.8811209862682 0.812037675710019
27.9205104306085 0.830438925815742
27.9601663785332 0.849230544905545
28.0000887102445 0.868387993390279
28.0402769547378 0.887885003939115
28.080730298656 0.907693583780702
28.1214475944398 0.927784025731966
28.1624273678528 0.948124928307213
28.2036678249566 0.968683225231789
28.2451668586111 0.989424224649719
28.2869220545686 1.01031165827351
28.3289306972286 1.03130774067676
28.3711897751159 1.05237323887646
28.4136959861417 1.07346755229238
28.456445742702 1.09454880310552
28.4994351766654 1.1155739369674
28.5426601442986 1.13649883393656
28.5861162311733 1.15727842943964
28.6297987570971 1.17786684497137
28.6737027811039 1.19821752816247
28.7178231065416 1.21828340175697
28.7621542862863 1.23801702095191
28.8066906281126 1.25737073846398
28.8514262002461 1.27629687660006
28.8963548371208 1.2947479055231
28.941470145362 1.3126766268223
28.9867655100118 1.3300363614187
29.0322341010129 1.34678114076432
29.0778688799636 1.36286590022695
29.1236626071525 1.37824667349409
29.1696078488827 1.39288078677978
29.2156969850897 1.40672705157747
29.2619222172553 1.41974595467283
29.3082755766203 1.43189984411154
29.3547489326929 1.44315310981091
29.40133400205 1.45347235751031
29.4480223574256 1.46282657477419
29.4948054370791 1.47118728779363
29.5416745544335 1.47852870777762
29.5886209079733 1.4848278657834
29.6356355913874 1.49006473490609
29.6827096039446 1.49422233883083
29.7298338610838 1.49728684584533
29.7769992052022 1.49924764751535
29.8241964166232 1.5000974213409
29.8714162247232 1.49983217683326
29.918649319197 1.49845128458337
29.9658863614402 1.49595748802753
30.0131179960259 1.49235689775585
30.0603348622528 1.48765896835115
30.1075276057413 1.48187645788849
30.1546868900546 1.47502537036747
30.2018034083202 1.46712488148855
30.2488678948291 1.45819724831968
30.295871136589 1.44826770352844
30.3428039848092 1.43736433497672
30.3896573662943 1.42551795158807
30.4364222947266 1.4127619365007
30.4830898818153 1.39913208861105
30.5296513482946 1.38466645369311
30.5760980347516 1.36940514634525
30.6224214122689 1.35339016407069
30.6686130928651 1.33666519483739
30.7146648397229 1.31927541948966
30.7605685771901 1.30126731039598
30.8063164005477 1.28268842771613
30.8519005855361 1.26358721465641
30.8973135976358 1.24401279305415
30.9425481010997 1.2240147605937
30.9875969677391 1.20364299090547
31.0324532854644 1.18294743773924
31.0771103665888 1.1619779443332
31.1215617559029 1.14078405902265
31.1658012385328 1.11941485804815
31.2098228475971 1.09791877643294
31.2536208716818 1.0763434477059
31.2971898621557 1.05473555314929
31.3405246403516 1.03314068115199
31.3836203046439 1.01160319715024
31.4264722374564 0.990166124539517
31.4690761122368 0.968871036844625
31.5114279004418 0.947757961341595
31.5535238785774 0.926865294234907
31.5953606353458 0.906229727408129
31.6369350789545 0.885886186685901
31.6782444446468 0.865867781470922
31.7192863025178 0.846205765551655
31.760058565686 0.826929508815411
31.8005594988918 0.808066479547508
31.8407877276018 0.789642236950533
31.8807422476991 0.771680433478584
31.9204224358416 0.754202826549592
31.9598280605764 0.737229299174493
31.9989592942921 0.720777889024869
32.0378167260958 0.704864825450469
32.0764013756915 0.689504573954427
32.114714708333 0.674709887636474
32.1527586509087 0.660491865122473
32.1905356092002 0.646860014511377
32.2280484863312 0.633822322887428
32.2653007023878 0.621385330964776
32.3022962151509 0.609554212452626
32.3390395418233 0.598332857749546
32.3755357815646 0.58772396159405
32.4117906385634 0.577729114312341
32.4478104452734 0.568348896310735
32.4836021853224 0.559582975456402
32.519173515469 0.551430206972541
32.5545327858366 0.543888735439222
32.589689057499 0.536956098435758
32.6246521163448 0.530629331281751
32.6594324820063 0.52490507223045
32.6940414105375 0.519779667340128
32.728490889466 0.515249274100007
32.7627936238614 0.511309962723333
32.7969630121652 0.507957813852363
32.8310131107449 0.505189011262782
32.8649585864621 0.502999928026789
32.8988146569899 0.501387204514721
32.932597019154 0.500347816604428
32.9663217661719 0.499879132541475
33.0000052952831 0.499978957061172
33.0336642078288 0.500645561644812
33.0673152043166 0.501877700126347
33.100974977314 0.503674609270086
33.1346601051485 0.506035994374895
33.1683869493157 0.508962000391812
33.2021715582343 0.51245316943632
33.2360295795664 0.516510385905791
33.2699761827922 0.521134810657335
33.3040259931429 0.526327805852603
33.3381930374158 0.532090852135443
33.3724907016534 0.538425459785724
33.4069317002166 0.545333075403984
33.4415280554202 0.552814985545775
33.4762910866488 0.560872218560606
33.5112314077226 0.569505445715564
33.5463589312179 0.578714882511919
33.5816828784627 0.588500190944774
33.6172117939934 0.59886038331775
33.6529535633619 0.609793728110248
33.6889154333133 0.62129765830493
33.7251040334868 0.633368682516668
33.7615253989336 0.64600229921911
33.798184992874 0.659192914338149
33.8350877292361 0.672933762469881
33.8722379946263 0.687216831980666
33.9096396694704 0.702032794255832
33.9472961481462 0.717370937378541
33.9852103579888 0.733219104539043
34.0233847771043 0.749563637495016
34.0618214509682 0.766389325424167
34.1005220078167 0.783679359529453
34.1394876728642 0.801415293773972
34.1787192813966 0.819577012135914
34.2182172908057 0.838142702783146
34.2579817916345 0.857088839571505
34.2980125177117 0.87639017127011
34.3383088554554 0.896019718910672
34.378869852425 0.915948781645558
34.4196942252024 0.936146951480947
34.4607803666796 0.956582137226789
34.5021263528274 0.977220597974175
34.5437299490183 0.998026986373287
34.5855886159715 1.01896440194121
34.6276995153842 1.03999445457885
34.6700595153127 1.06107733841992
34.7126651953579 1.08217191607313
34.7555128517112 1.1032358132512
34.7985985021096 1.12422552370792
34.841917890747 1.14509652432754
34.8854664931856 1.16580340013015
34.9292395213051 1.18629997887229
34.9732319283286 1.20653947483627
35.0174384139573 1.22647464131309
35.0618534296449 1.2460579311957
35.1064711840387 1.2652416650108
35.1512856486134 1.28397820563085
35.1962905635173 1.30222013882333
35.2414794436522 1.31992045871364
35.2868455850033 1.33703275716216
35.3323820712313 1.35351141598568
35.3780817805407 1.36931180089031
35.4239373928323 1.38439045592789
35.4699413971458 1.39870529724197
35.516086099399 1.4122158048332
35.5623636304231 1.42488321104906
35.6087659542964 1.43667068448912
35.6552848769725 1.4475435080159
35.7019120551993 1.45746924957251
35.7486390057225 1.46641792453281
35.7954571147647 1.47436214834713
35.8423576477707 1.48127727829745
35.8893317594064 1.48714154323898
35.9363705037981 1.49193616028148
35.9834648449966 1.49564543745108
36.03060566765 1.49825686147266
36.0777837878662 1.49976116992161
36.1249899642475 1.50015240711239
36.1722149090752 1.49942796321678
36.2194492996244 1.49758859623785
36.2666837895865 1.49463843660228
36.313909020576 1.49058497427516
36.3611156337001 1.48543902844333
36.408294281166 1.47921469995623
36.4554356379034 1.47192930685386
36.5025304131783 1.4636033034493
36.5495693621739 1.45426018356572
36.5965432975175 1.44392636865425
36.6434431007283 1.43263108163701
36.6902597335667 1.42040620742914
36.736984249262 1.40728614119169
36.7836078036012 1.39330762545479
36.8301216658563 1.37850957732496
36.8765172295376 1.36293290705214
36.9227860229524 1.34662032928057
36.9689197195586 1.32961616834137
37.014910148099 1.31196615896597
37.0607493025059 1.29371724380538
37.1064293515691 1.27491736913432
37.15194264836 1.25561528009858
37.197281739409 1.23586031683228
37.2424393736347 1.21570221272731
37.2874085110272 1.19519089608298
37.3321823310891 1.17437629629903
37.3767542410421 1.15330815570256
37.42111788381 1.13203584801872
37.46526714579 1.11060820440842
37.5091961644318 1.08907334790499
37.552899335642 1.06747853698603
37.5963713210397 1.04587001891953
37.6396070550902 1.02429289342425
37.6826017521478 1.00279098708576
37.7253509134437 0.981406738871737
37.767850334058 0.960181096994887
37.8100961099202 0.939153427279487
37.852084644885 0.918361433099393
37.8938126579377 0.897841086872035
37.9352771905843 0.877626573015093
37.97647561449 0.85775024220082
38.0174056394306 0.838242576677868
38.058065321628 0.819132166372266
38.0984530725456 0.800445695428235
38.1385676682203 0.78220793880596
38.178408259215 0.764441768517283
38.2179743812751 0.747168169051613
38.2572659667732 0.730406261522986
38.2962833570298 0.714173336054936
38.335027315589 0.698484891912411
38.3734990425275 0.683354684888927
38.4117001898639 0.668794781461975
38.4496328781185 0.654815619239811
38.4872997140585 0.641426073237228
38.5247038096297 0.628633527535887
38.561848802042 0.616443951904971
38.5987388749264 0.604861982978893
38.63537878042 0.593891009608779
38.67177386196 0.583533262021265
38.7079300774756 0.573789904429405
38.7438540225591 0.564661130743202
38.7795529530716 0.556146263018231
38.8150348065 0.548243852256649
38.850308221233 0.540951781132011
38.8853825527673 0.534267368144671
38.9202678857124 0.528187472625783
38.9549750403336 0.522708599894254
38.9895155722845 0.517827005733812
39.0239017641534 0.513538799201102
39.0581466074932 0.509840042608655
39.0922637741577 0.506726847361065
39.1262675760235 0.50419546417486
39.1601729125584 0.502242366101823
39.1939952061795 0.500864322721916
39.2277503259179 0.500058463894195
39.2614545005165 0.49982233156577
39.295124222695 0.500153918345591
39.3287761468507 0.501051691846961
39.3624269828772 0.502514604174379
39.3960933890254 0.504542086351186
39.4297918667764 0.507134027922197
39.4635386605423 0.510290742385586
39.4973496646806 0.514012919479101
39.5312403398317 0.518301565642119
39.5652256400353 0.523157934182092
39.5993199514888 0.528583446786977
39.6335370432419 0.534579608049434
39.6678900296136 0.541147914616843
39.7023913437016 0.548289760470894
39.7370527210366 0.556006339690943
39.7718851922272 0.564298547884972
39.8068990833277 0.573166883296893
39.8421040226339 0.582611348431671
39.8775089526463 0.59263135288906
39.9131221460257 0.603225617968111
39.9489512244836 0.614392083500192
39.9850031796784 0.626127817288149
40.0212843953309 0.638428927471912
40.0578006699042 0.651290478103546
40.094557239322 0.664706408194501
40.1315587993133 0.678669454491299
40.1688095270717 0.693171078239887
40.2063131020031 0.708201396210628
40.2440727254089 0.723749116272651
40.2820911390106 0.739801477825963
40.3203706422673 0.756344197420347
40.3589131084788 0.773361419910231
40.3977199996918 0.790835675512964
40.4367923804514 0.808747843153383
40.4761309304526 0.827077120489288
40.5157359561615 0.845801001019786
40.5556074014785 0.864895258680853
40.5957448575231 0.88433394032953
40.6361475716201 0.904089366509416
40.6768144555675 0.924132140875441
40.7177440932651 0.944431168634979
40.7589347477805 0.964953684335078
40.8003843679266 0.985665289291946
40.8420905944207 1.00652999891875
40.8840507656935 1.02751030016141
40.9262619234096 1.04856721919935
40.9687208177612 1.06966039950993
41.0114239125894 1.09074819033059
41.0543673903858 1.1117877454837
41.0975471572236 1.13273513245456
41.1409588476623 1.15354545153441
41.1845978296689 1.17417296475832
41.2284592095929 1.19457123428254
41.2725378372317 1.21469326975907
41.3168283110171 1.23449168417654
41.3613249833533 1.25391885754823
41.4060219661326 1.27292710774005
41.4509131364515 1.29146886764557
41.4959921425491 1.309496867832
41.5412524099854 1.32696432370217
41.5866871480744 1.34382512614383
41.6322893565873 1.36003403457004
41.6780518327329 1.37554687119471
41.7239671784267 1.39032071533542
41.7700278078523 1.40431409649389
41.8162259553191 1.41748718493272
41.8625536834183 1.42980197844634
41.9090028914746 1.44122248401576
41.9555653242924 1.45171489304005
42.0022325811894 1.46124774885467
42.0489961253119 1.46979210527575
42.0958472932221 1.47732167495287
42.142777304746 1.48381296636828
42.1897772730707 1.48924540838925
42.2368382150749 1.49360146136116
42.2839510618786 1.49686671382112
42.3311066695934 1.49902996401526
42.3782958302559 1.50008328551586
42.4255092829239 1.50002207635562
42.4727377249152 1.49884509122561
42.5199718231665 1.49655445641756
42.5672022256919 1.49315566733063
42.6144195731164 1.48865756850383
42.6616145102614 1.48307231627856
42.7087776977601 1.47641532433727
42.7558998236771 1.46870519250434
42.8029716151103 1.45996361933094
42.8499838497512 1.45021529911575
42.8969273673803 1.43948780413681
42.9437930812763 1.42781145298419
42.9905719895168 1.41521916598823
43.0372551861505 1.40174630883209
43.0838338722211 1.38743052551947
43.1302993666242 1.37231156193787
43.1766431167826 1.35643108131418
43.2228567091212 1.33983247290173
43.2689318793319 1.32256065526692
43.3148605224146 1.30466187555836
43.3606347024848 1.28618350614248
43.4062466623423 1.26717383997763
43.4516888327939 1.24768188607353
43.4969538417287 1.22775716634579
43.542034522946 1.20744951512705
43.5869239247384 1.18680888253725
43.631615318235 1.1658851428478
43.6761022055151 1.14472790889788
43.7203783275015 1.12338635353861
43.764437671651 1.10190903899138
43.8082744794585 1.08034375491393
43.8518832537961 1.05873736587123
43.8952587661153 1.03713566881013
43.9383960635376 1.0155832610375
43.9812904758696 0.994123419103674
44.0239376225775 0.972797988895714
44.0663334197643 0.951647287151048
44.1084740871925 0.930710014511221
44.1503561554043 0.910023180149277
44.1919764729932 0.889622037923061
44.2333322140852 0.869540033931374
44.2744208860934 0.849808765280788
44.3152403378149 0.830457949808613
44.3557887679409 0.811515406452192
44.3960647340574 0.793007045906719
44.4360671622165 0.774956871173244
44.4757953571611 0.757386987565364
44.5152490132878 0.740317621717473
44.5544282264335 0.723767149118907
44.5933335065708 0.707752129686946
44.6319657914902 0.692287350886774
44.6703264615445 0.677385877907944
44.7084173555163 0.663059110413936
44.7462407876522 0.64931684539336
44.7837995658874 0.636167345657417
44.8210970112491 0.623617413547215
44.8581369783867 0.611672469435274
44.8949238771247 0.600336634626356
44.9314626948652 0.58961281828174
44.9677590195866 0.579502808005979
45.0038190630859 0.570007363743368
45.0396496839972 0.561126314629718
45.0752584099873 0.55285865843036
45.1106534583863 0.545202663163964
45.1458437543578 0.538155970460497
45.1808389455606 0.531715700127461
45.2156494121153 0.52587855529979
45.2502862705735 0.520640927425286
45.2847613705228 0.515999000191844
45.3190872824577 0.511948851340936
45.3532772756369 0.508486551143563
45.3873452848366 0.505608256154361
45.42130586522 0.503310296724168
45.4551741349662 0.501589256661216
45.4889657058236 0.50044204340595
45.5226966023479 0.499865947141523
45.556383171201 0.499858687411741
45.5900419824707 0.500418446062639
45.6236897254656 0.501543885653449
45.6573431017862 0.503234152877869
45.6910187186405 0.505488866968265
45.7247329853359 0.508308093490222
45.7585020156485 0.511692304338635
45.7923415383794 0.515642325089888
45.8262668178917 0.520159271126341
45.8602925858452 0.525244474118479
45.894432984759 0.530899400526216
45.9287015234807 0.537125563772554
45.9631110441702 0.543924431665192
45.997673700026 0.551297330513218
46.0324009427114 0.559245347225939
46.0673035182698 0.56776923050687
46.1023914702398 0.576869292082629
46.1376741486836 0.58654530874504
46.173160223897 0.596796425842483
46.2088577036701 0.607621062737485
46.2447739530925 0.619016820653046
46.2809157160294 0.630980393259508
46.3172891375386 0.64350748030486
46.3538997866233 0.656592704561352
46.390752678846 0.670229532346947
46.4278522984297 0.684410197878255
46.4652026195744 0.699125631719011
46.502807126791 0.714365393602247
46.5406688341273 0.730117609922462
46.5787903032099 0.746368916214371
46.6171736600717 0.763104404955451
46.6558206107698 0.780307579048992
46.6947324558203 0.797960311361644
46.7339101034989 0.816042810703485
46.7733540820691 0.834533594648679
46.8130645510074 0.853409469600217
46.853041311303 0.872645518502539
46.8932838149106 0.892215096600599
46.9337911734374 0.912089835632847
46.9745621661433 0.932239656828431
47.0155952473332 0.952632793055475
47.0568885532167 0.973235820437461
47.0984399083086 0.99401369971853
47.1402468314375 1.01492982761589
47.1823065414309 1.03594609834861
47.2246159625363 1.05702297547713
47.2671717296382 1.07811957412689
47.3099701933236 1.09919375360315
47.3530074248488 1.12020222033258
47.3962792210539 1.14110064099116
47.4397811092672 1.16184376559784
47.4835083522433 1.18238556026993
47.5274559531686 1.2026793492504
47.5716186607706 1.22267796572936
47.6159909745604 1.24233391089364
47.6605671502382 1.26159952054989
47.7053412052852 1.28042713857963
47.7503069247653 1.29876929639958
47.7954578673565 1.31657889751927
47.8407873716282 1.33380940621088
47.8862885625804 1.35041503923495
47.9319543584548 1.36635095950098
47.9777774778295 1.38157347048521
48.0237504470028 1.39604021018016
48.0698656076722 1.40971034331233
48.1161151249097 1.42254475053718
48.1624909954356 1.43450621330482
48.2089850561869 1.44555959308585
48.2555889931782 1.45567200365596
48.3022943506473 1.46481297515942
48.3490925404794 1.47295460870662
48.3959748518987 1.48007172030903
48.4429324614162 1.48614197301554
48.4899564430204 1.4911459961881
48.5370377785963 1.49506749093972
48.5841673685558 1.49789332085512
48.6313360426621 1.49961358722109
48.6785345710288 1.50022168811046
48.7257536752747 1.4997143607879
48.7729840398107 1.49809170703714
48.8202163232409 1.4953572011457
48.8674411698511 1.49151768042331
48.9146492211648 1.48658331827267
48.961831127542 1.48056757997342
49.0089775597971 1.47348716148204
49.0560792208128 1.46536191168814
49.1031268571268 1.45621473870183
49.1501112704664 1.44607150087414
49.1970233292115 1.43496088337238
49.2438539797607 1.42291426124333
49.2905942577816 1.40996554999774
49.3372352993243 1.39615104483901
49.3837683517793 1.38150924973607
49.4301847846621 1.36608069760487
49.4764761002084 1.34990776291357
49.5226339437655 1.33303446806366
49.5686501139671 1.31550628492257
49.6145165726808 1.29736993289245
49.6602254547194 1.27867317489582
49.7057690773104 1.25946461264121
49.7511399493185 1.23979348250225
49.7963307802209 1.21970945330169
49.8413344888348 1.19926242723933
49.8861442118029 1.17850234514027
49.9307533118426 1.15747899712849
49.9751553857681 1.13624183975157
50.0193442722999 1.11483982049713
50.0633140596766 1.09332121055066
50.1070590930893 1.07173344654988
50.1505739819614 1.05012298199376
50.1938536071007 1.02853514886535
50.2368931277546 1.007014029929
50.2796879886029 0.985602342064601
50.3222339267264 0.964341330905456
50.3645269785951 0.943270676953656
50.406563487122 0.922428413257673
50.4483401088355 0.901850854652642
50.4898538212252 0.881572538484847
50.5311019303226 0.861626176669
50.5720820785825 0.842042618860477
50.6127922531332 0.822850826465089
50.6532307944711 0.804077857156605
50.6933964056777 0.785748859527212
50.7332881622385 0.767887077458491
50.7729055225499 0.750513863770389
50.812248339198 0.733648702682846
50.8513168710958 0.717309240609148
50.8901117965593 0.701511324791281
50.9286342274038 0.686269049285344
50.9668857241263 0.671594807808789
51.0048683122318 0.657499352970363
51.0425844997391 0.643991861417349
51.0800372958763 0.631080004452067
51.117230230941 0.618770023689453
51.1541673772526 0.607066811348502
51.1908533710684 0.595973994790715
51.2272934352589 0.585494024936339
51.2634934024534 0.575628268201787
51.2994597382579 0.566377101606307
51.3351995640285 0.557740010689588
51.3707206785462 0.549715689861082
51.4060315777893 0.54230214476304
51.4411414718486 0.535496796169117
51.4760602978778 0.529296584856661
51.5107987278455 0.523698076782047
51.5453681697501 0.518697567755683
51.5797807609242 0.514291186660311
51.6140493520801 0.510474996090458
51.6481874808787 0.507245089123786
51.6822093340424 0.504597680782211
51.7161296973834 0.5025291926208
51.7499638935897 0.501036328815732
51.7837277081628 0.500116142128333
51.8174373045115 0.499766088215141
51.8511091298177 0.499984066941653
51.8847598138447 0.500768449637332
51.918406063299 0.502118091588029
51.9520645546387 0.504032329475471
51.9857518283049 0.506510963910594
52.0194841872386 0.509554227633924
52.0532776022495 0.513162740339158
52.0871476263484 0.51733745138904
52.1211093196167 0.522079571918291
52.1551771855933 0.527390497950033
52.1893651195832 0.533271726193345
52.2236863687705 0.539724764151667
52.2581535035783 0.546751036071662
52.2927783993853 0.554351786118833
52.327572227476 0.562527979998581
52.3625454539732 0.571280206066076
52.3977078454561 0.580608576798599
52.4330684799922 0.590512631349479
52.4686357623899 0.600991239769391
52.504417442584 0.612042509371437
52.5404206362043 0.623663693631551
52.5766518465071 0.635851103954039
52.6131169869925 0.648600024591026
52.6498214041546 0.661904630981163
52.6867698999319 0.675757911763956
52.7239667535263 0.690151594728219
52.7614157423496 0.705076076963575
52.7991201619307 0.720520359499856
52.8370828446776 0.736471986738535
52.8753061774394 0.752916991000893
52.9137921178523 0.769839842538004
52.9525422094822 0.787223405366341
52.9915575958036 0.805048899308932
53.0308390330656 0.823295868634516
53.0703869021134 0.841942157695451
53.1102012192359 0.860963893968582
53.1502816461197 0.880335478901427
53.1906274989876 0.900029586958536
53.2312377570025 0.9200171732494
53.2721110700172 0.940267490099694
53.3132457657454 0.960748112901616
53.3546398564297 0.981424975546825
53.3962910450781 1.00226241570665
53.4381967313353 1.02322323017919
53.4803540170553 1.04426874047157
53.5227597116337 1.06535886872833
53.5654103371569 1.0864522240537
53.6083021334223 1.10750619920736
53.6514310628772 1.12847707757965
53.694792815523 1.14932015027467
53.7383828138278 1.16998984304812
53.782196217685 1.19043985276239
53.8262279294549 1.21062329293454
53.8704725991223 1.23049284786465
53.9149246295989 1.25000093474365
53.9595781821981 1.2690998730515
54.0044271823066 1.28774206047042
54.0494653252729 1.30588015445405
54.0946860825331 1.32346725851366
54.1400827079886 1.34045711220761
54.1856482446502 1.35680428375149
54.231375531559 1.37246436410476
54.2772572109932 1.38739416133647
54.3232857359664 1.40155189402832
54.3694533780225 1.41489738243981
54.4157522353274 1.42739223613704
54.4621742410577 1.43900003677562
54.5087111720842 1.44968651472969
54.5553546579444 1.45941971827244
54.6020961900976 1.46817017404083
54.6489271314544 1.47591103755737
54.6958387261692 1.48261823263456
54.7428221096843 1.48827057855412
54.789868319011 1.49284990399098
54.8369683032321 1.49634114674234
54.8841129342096 1.49873243842306
54.9312930174792 1.5000151733996
54.9784993033107 1.50018406135455
55.0257224979168 1.49923716300099
55.0729532747854 1.49717590859977
55.1201822861167 1.49400509907042
55.1674001743391 1.48973288962803
55.2145975836835 1.48437075602075
55.2617651717907 1.47793344358485
55.308893621329 1.47043889947477
55.3559736515984 1.46190818856196
55.4029960300978 1.45236539362821
55.449951584033 1.44183750060339
55.4968312117417 1.43035426971435
55.5436258940154 1.41794809351855
55.5903267052964 1.40465384289239
55.6369248247308 1.39050870212886
55.6834115470581 1.37555199437117
55.7297782933223 1.35982499866827
55.7760166213862 1.34337075998344
55.8221182362378 1.3262338935188
55.8680750000754 1.3084603847363
55.9138789421609 1.29009738645985
55.959522268436 1.27119301443357
56.0049973708925 1.25179614268901
56.0502968366968 1.23195620003934
56.0954134570655 1.21172296897255
56.1403402358957 1.19114638815891
56.1850703981556 1.17027635972179
56.2295973980406 1.1491625623465
56.2739149269097 1.12785427121997
56.3180169210132 1.10640018570645
56.3618975690307 1.08484826557209
56.4055513194405 1.06324557647552
56.4489728877444 1.04163814534359
56.492157263576 1.02007082615261
56.535099717726 0.998587176536928
56.5777958091188 0.977229345549364
56.6202413917822 0.956037972803181
56.6624326218537 0.935052099133939
56.7043659646732 0.914309088832193
56.7460382020145 0.89384456341579
56.7874464395146 0.873692346833891
56.8285881143626 0.853884421924427
56.8694610033156 0.834450897882909
56.9100632311128 0.815419988443789
56.9503932793634 0.796818000426036
56.9904499959885 0.778669332252481
57.0302326052982 0.760996482017894
57.0697407187889 0.743820064653447
57.1089743467476 0.727158837715352
57.147933910745 0.71102973531254
57.1866202571022 0.695447909682094
57.2250346714029 0.680426779921342
57.2631788941173 0.665978087391416
57.3010551373864 0.652111957318108
57.3386661029939 0.638836966131134
57.376015001522 0.626160214101411
57.413105572651 0.614087402856435
57.4499421065082 0.602622917374808
57.4865294659103 0.591769912080514
57.5228731092642 0.581530400673544
57.5589791137957 0.571905349343338
57.5948541986646 0.562894773012252
57.6305057473968 0.55449783424462
57.665941828922 0.546712944429509
57.7011712163541 0.539537866798469
57.7362034024989 0.53296982077047
57.7710486109297 0.52700558702273
57.805717801349 0.521641612567738
57.8402226678789 0.516874114975489
57.8745756289039 0.512699184720814
57.9087898071584 0.509112884467773
57.9428789989185 0.506111343939465
57.9768576314434 0.503690848879236
58.0107407082082 0.501847922507746
58.044543741978 0.500579397839797
58.078282676351 0.499882479263226
58.1119737970181 0.499754791911753
58.1456336345814 0.500194417588333
58.1792788612909 0.501199916308504
58.2129261844427 0.502770332916571
58.2465922393885 0.504905188654282
58.2802934851124 0.507604457998704
58.314046105142 0.510868531499115
58.3478659161972 0.514698165701018
58.3817682864891 0.519094421525689
58.4157680650086 0.524058592662777
58.4498795225593 0.529592125628877
58.4841163047251 0.535696533153464
58.5184913964707 0.542373302489159
58.5530170976766 0.54962380012393
58.5877050086124 0.557449174217848
58.6225660241661 0.565850255914557
58.6576103355489 0.574827460503077
58.692847438182 0.584380689240854
58.7282861445197 0.594509232502157
58.7639346006519 0.605211674791788
58.799800305653 0.616485802064311
58.8358901327748 0.628328511713452
58.8722103517226 0.640735725542987
58.9087666513844 0.653702305996694
58.945564162512 0.667221975907549
58.9826074799591 0.681287242022086
59.0199006841846 0.695889322561568
59.0574473618098 0.711018079094481
59.0952506250873 0.726661953012361
59.1333131301989 0.742807906920972
59.1716370943416 0.759441371279535
59.2102243116007 0.776546196640559
59.2490761676312 0.794104611860692
59.2881936531942 0.812097188667806
59.3275773766062 0.830502812980479
59.36722757517 0.849298663382553
59.4071441256632 0.868460197156826
59.4473265539631 0.88796114427799
59.4877740438878 0.90777350975509
59.5284854453348 0.927867584697956
59.5694592817941 0.948211966459988
59.6106937573135 0.968773588181226
59.6521867629887 0.989517758020827
59.6939358830484 1.01040820832683
59.7359384006005 1.03140715494351
59.7781913031027 1.05247536680309
59.8206912876157 1.07357224588871
59.8634347658953 1.09465591759064
59.9064178693735 1.11568333140718
59.9496364540776 1.1366103718666
59.9930861055318 1.15739197946728
60.0367621436821 1.17798228135049
60.0806596278818 1.19833473133465
60.1247733619735 1.21840225885289
60.1690978994983 1.23813742624684
60.2136275490616 1.25749259378158
60.25835637988 1.27642009165891
60.303278227534 1.29487239822083
60.3483866999459 1.31280232345259
60.3936751835999 1.33016319681695
60.4391368500216 1.34690905837841
60.4847646625268 1.36299485211008
60.5305513832513 1.37837662021755
60.5764895804697 1.393011697264
60.6225716362072 1.40685890284086
60.6687897541484 1.4198787314984
60.7151359678433 1.43203353863242
60.76160214921 1.44328772101667
60.8081800173292 1.45360789067687
60.8548611475268 1.46296304082099
60.9016369807348 1.47132470257259
60.948498833123 1.47866709129936
60.9954379059896 1.48496724138671
61.0424452958973 1.49020512837775
61.089512005041 1.4943637774832
61.1366289518305 1.49742935755988
61.1837869816715 1.49939125976088
61.2309768779252 1.50024216017543
61.2781893730274 1.49997806589898
61.3254151597462 1.49859834410424
61.372644902556 1.49610573381918
61.4198692491062 1.49250634025741
61.4670788417612 1.48780961168851
61.5142643291885 1.48202829897815
61.5614163779714 1.47517839806996
61.6085256842224 1.46727907581966
61.6555829851741 1.45835257972739
61.702579070725 1.44842413224263
61.7495047949155 1.4375218104381
61.7963510873145 1.42567641196178
61.8431089642933 1.41292130827926
61.8897695401674 1.39929228631047
61.9363240381869 1.38482737964474
61.982763801357 1.36956669058519
62.0290803030731 1.35355220432753
62.0752651575542 1.33682759661788
62.1213101300637 1.31943803626116
62.1672071469037 1.30142998386338
62.2129483051762 1.28285098819014
62.2585258823024 1.26374948150922
62.303932345297 1.24417457525759
62.3491603597943 1.2241758573344
62.394202798827 1.20380319227084
62.4390527513615 1.18310652546746
62.483703530595 1.16213569261993
62.5281486820236 1.14094023537694
62.5723819912943 1.11956922418945
62.616397491856 1.09807108922114
62.6601894724276 1.07649346009617
62.7037524843071 1.05488301516324
62.7470813485462 1.03328534085709
62.790171163021 1.01174480163926
62.8318530717959 0.99088729498329
