0 5
0,0381695242891155 4,99635771853886
0,0745903180627036 4,98609312682449
0,109959076107809 4,96979278675901
0,144685799350833 4,94773772399694
0,179017182328577 4,92006675943226
0,213103766092092 4,8868542666667
0,247038237263405 4,84814827120085
0,280877982705252 4,80398918280561
0,314658658642747 4,75441880174289
0,348402468273365 4,69948440576982
0,38212325666251 4,63924037983942
0,415829664521366 4,57374865998161
0,449527087434361 4,50307864266465
0,483218895744772 4,42730688479521
0,516907195176642 4,34651674885217
0,550593301518458 4,26079806002283
0,584278037025229 4,17024679881142
0,617961915562337 4,07496483241574
0,6516452582785 3,97505967986055
0,68532826588499 3,87064430336479
0,719011063823761 3,76183691852459
0,75269373049503 3,64876081700581
0,786376314898546 3,53154419679024
0,820058847659006 3,41031999627161
0,853741347916789 3,28522572953734
0,887423827634613 3,15640332098033
0,921106294289169 3,0239989379919
0,954788752553387 2,888162820928
0,988471205347847 2,74904910985708
1,02215365449791 2,60681566782024
1,05583610114444 2,46162390048962
1,08951854600045 2,31363857221892
1,1232009895116 2,16302761855394
1,15688343195642 2,00996195532269
1,19056587350898 1,85461528445992
1,22424831427808 1,69716389674604
1,25793075433173 1,53778647165749
1,29161319371243 1,37666387453841
1,32529563244674 1,21397895131254
1,35897807055125 1,04991632096074
1,39266050803636 0,884662165995132
1,42634294490853 0,718404021164288
1,46002538117183 0,551330560627507
1,49370781682879 0,383631383838225
1,52739025188099 0,215496800378842
1,56107268632942 0,0471176139905492
1,59475512017471 -0,121315093957059
1,62843755341723 -0,289610181311089
1,66211998605722 -0,457576662049232
1,69580241809485 -0,625023923016346
1,7294848495302 -0,791761940237832
1,76316728036334 -0,957601494564372
1,79684971059429 -1,12235438640332
1,83053214022309 -1,28583364929309
1,86421456924975 -1,44785376207814
1,89789699767427 -1,60823085944388
1,93157942549667 -1,76678294057241
1,96526185271694 -1,9233300756825
1,9989442793351 -2,07769461021927
2,03262670535113 -2,22970136646196
2,06630913076504 -2,37917784232088
2,09999155557684 -2,52595440709811
2,13367397978652 -2,66986449398961
2,16735640339408 -2,8107447891104
2,20103882639953 -2,9484354168283
2,23472124880285 -3,08278012119583
2,26840367060406 -3,21362644327443
2,30208609180316 -3,34082589414979
2,33576851240014 -3,46423412344189
2,369450932395 -3,58371108311856
2,40313335178775 -3,69912118642661
2,43681577057838 -3,81033346176025
2,4704981887669 -3,91722170129214
2,5041806063533 -4,01966460419834
2,53786302333758 -4,11754591431476
2,57154543971975 -4,21075455206877
2,60522785549981 -4,2991847405363
2,63891027067775 -4,38273612548139
2,67259268525357 -4,46131388924192
2,70627509922728 -4,53482885833236
2,73995751259888 -4,60319760464128
2,77363992536836 -4,66634254010897
2,80732233753573 -4,72419200477759
2,84100474910098 -4,77668034811394
2,87468716006412 -4,82374800351263
2,90836957042514 -4,86534155589503
2,94205198018406 -4,90141380232734
2,97573438934085 -4,93192380558894
3,00941679789554 -4,95683694063026
3,04309920584811 -4,97612493386747
3,07678161319857 -4,98976589526927
3,11046401994691 -4,99774434319962
3,14414642609315 -5,00005122198788
3,17782883163727 -4,99668391220675
3,21151123657927 -4,98764623364609
3,24519364091917 -4,97294844097942
3,27887604465695 -4,95260721212787
3,31255844779262 -4,92664562933497
3,34624085032618 -4,8950931529735
3,37992325225762 -4,8579855881144
3,41360565358696 -4,8153650438955
3,44728805431418 -4,76727988573617
3,48097045443929 -4,71378468045228
3,51465285396229 -4,65494013433353
3,54833525288318 -4,59081302425365
3,58201765120196 -4,52147612189142
3,61570004891862 -4,44700811114874
3,64938244603318 -4,36749349885924
3,68306484254562 -4,2830225188889
3,71674723845595 -4,19369102973752
3,75042963376418 -4,09960040575709
3,78411202847029 -4,00085742211073
3,81779442257429 -3,89757413360256
3,85147681607619 -3,78986774751609
3,88515920897597 -3,67786049060544
3,91884160127364 -3,56167947039031
3,95252399296921 -3,4414565309121
3,98620638406266 -3,31732810311492
4,019888774554 -3,18943505002119
4,05357116444324 -3,05792250687761
4,08725355373037 -2,9229397164529
4,12093594241538 -2,78463985967415
4,15461833049829 -2,64317988179401
4,18830071797909 -2,49872031428611
4,22198310485778 -2,35142509267056
4,25566549113436 -2,20146137047654
4,28934787680884 -2,04899932955297
4,3230302618812 -1,89421198694246
4,35671264635146 -1,73727499853788
4,39039503021961 -1,57836645974422
4,42407741348565 -1,41766670337196
4,45775979614959 -1,25535809499142
4,49144217821141 -1,09162482598021
4,52512455967113 -0,926652704498686
4,55880694052875 -0,760628944630586
4,59248932078425 -0,593741953928187
4,62617170043765 -0,426181119603031
4,65985407948894 -0,258136593604882
4,69353645793813 -0,0897990768328065
4,7272188357852 0,0786403972767495
4,76090121303018 0,246990679539281
4,79458358967304 0,415060721942941
4,8282659657138 0,582659794454469
4,86194834115245 0,749597701464318
4,895630715989 0,915684997625326
4,92931309022344 1,08073320284002
4,96299546385578 1,24455501615254
4,99667783688601 1,40696452830254
5,03036020931413 1,56777743269969
5,06404258114015 1,72681123457958
5,09772495236407 1,88388545810347
5,13140732298588 2,03882185116698
5,16508969300558 2,19144458768527
5,19877206242318 2,34158046712516
5,23245443123868 2,48905911105767
5,26613679945207 2,63371315650813
5,29981916706336 2,77537844588416
5,33350153407254 2,91389421326628
5,36718390047962 3,04910326684951
5,40086626628459 3,18085216732903
5,43454863148747 3,30899140202744
5,46823099608823 3,43337555456607
5,5019133600869 3,55386346988764
5,53559572348346 3,67031841444321
5,56927808627792 3,78260823136142
5,60296044847027 3,89060549042415
5,63664281006052 3,99418763267816
5,67032517104867 4,09323710951887
5,70400753143472 4,18764151608815
5,73768989121866 4,27729371883501
5,7713722504005 4,36209197709425
5,80505460898024 4,44194005854519
5,83873696695788 4,51674734841939
5,87241932433341 4,58642895233349
5,90610168110685 4,65090579263039
5,93978403727818 4,7101046981196
5,97346639284741 4,76395848711466
6,00714874781454 4,81240604367371
6,04083110217956 4,85539238695638
6,07451345594249 4,89286873361853
6,10819580910331 4,92479255317391
6,14187816166204 4,95112761625996
6,17556051361866 4,97184403575294
6,20924286497318 4,98691830068577
6,2429252157256 4,99633330293002
6,27660756587593 5,00007835661193
6,31028991542415 4,99814921024015
6,34397226437027 4,99054805153179
6,37765461271429 4,97728350493093
6,41133696045621 4,95837062182274
6,44501930759603 4,93383086345406
6,47870165413375 4,90369207657995
6,51238400006938 4,86798846186387
6,5460663454029 4,82676053506722
6,57974869013432 4,78005508107243
6,61343103426365 4,72792510079165
6,64711337779088 4,67042975102137
6,680795720716 4,60763427731121
6,71447806303903 4,53960993992303
6,74816040475996 4,4664339329644
6,78184274587879 4,38818929678821
6,81552508639553 4,30496482375779
6,84920742631016 4,21685495748458
6,8828897656227 4,12395968565252
6,91657210433314 4,02638442655099
6,95025444244148 3,92423990944487
6,98393677994773 3,81764204891766
7,01761911685187 3,70671181333013
7,05130145315392 3,59157508754375
7,08498378885388 3,47236253006488
7,11866612395173 3,34920942477157
7,15234845844749 3,22225552739148
7,18603079234115 3,09164490690492
7,21971312563272 2,95752578205315
7,25339545832219 2,82005035313744
7,28707779040956 2,67937462929969
7,32076012189484 2,53565825148069
7,35444245277802 2,3890643112569
7,3881247830591 2,23975916576139
7,42180711273809 2,08791224889888
7,45548944181498 1,93369587906916
7,48917177028978 1,77728506361713
7,52285409816248 1,61885730023132
7,55653642543309 1,4585923755163
7,5902187521016 1,29667216096748
7,62390107816802 1,13328040658
7,65758340363234 0,968602532325765
7,69126572849457 0,802825417735328
7,7249480527547 0,636137189823405
7,75863037641274 0,468727009598698
7,79231269946868 0,300784857400269
7,82599502192253 0,132501317304096
7,85967734377428 -0,0359326391555402
7,89335966502395 -0,204325869704404
7,92704198567151 -0,372487278240442
7,96072430571699 -0,540226031693559
7,99440662516037 -0,707351776586936
8,02808894400166 -0,873674855054132
8,06177126224085 -1,03900652006682
8,09545357987795 -1,20315914962894
8,12913589691296 -1,36594645969414
8,16281821334587 -1,52718371556496
8,1965005291767 -1,68668794153381
8,23018284440542 -1,8442781285278
8,26386515903206 -1,99977543952188
8,29754747305661 -2,15300341248712
8,33122978647906 -2,30378816064381
8,36491209929942 -2,45195856979216
8,39859441151769 -2,59734649249663
8,43227672313387 -2,73978693890361
8,46595903414795 -2,87911826397578
8,49964134455995 -3,01518235093074
8,53332365436985 -3,14782479067581
8,56700596357766 -3,27689505703516
8,60068827218338 -3,40224667757075
8,63437058018701 -3,52373739980282
8,66805288758855 -3,6412293526417
8,70173519438799 -3,75458920284746
8,73541750058535 -3,86368830633996
8,76909980618062 -3,96840285418758
8,8027821111738 -4,06861401310895
8,83646441556488 -4,16420806032829
8,87014671935388 -4,25507651263114
8,90382902254079 -4,34111624947432
8,9375113251256 -4,42222963001011
8,97119362710833 -4,49832460389208
9,00487592848897 -4,56931481573666
9,03855822926752 -4,63511970312202
9,07224052944397 -4,69566458801298
9,10592282901834 -4,75088076150822
9,13960512799062 -4,80070556181365
9,17328742636082 -4,84508244535337
9,20696972412892 -4,8839610509376
9,24065202129493 -4,91729725691473
9,27433431785886 -4,94505323124261
9,3080166138207 -4,96719747442235
9,34169890918045 -4,98370485524574
9,37538120393811 -4,99455663931589
9,40906349809369 -4,99974051030862
9,44274579164717 -4,99925058395053
9,47642808459857 -4,99308741469785
9,51011037694788 -4,98125799510849
9,54379266869511 -4,963775747908
9,57747495984024 -4,94066051075854
9,61115725038329 -4,91193851374791
9,64483954032426 -4,87764234962451
9,67852182966313 -4,83781093681165
9,71220411839992 -4,79248947524353
9,74588640653463 -4,74172939507273
9,77956869406724 -4,68558829830753
9,81325098099777 -4,62412989344537
9,84693326732622 -4,55742392317644
9,88061555305257 -4,48554608523963
9,91429783817685 -4,40857794652052
9,94798012269903 -4,32660685048896
9,98166240661913 -4,23972581808124
10 -4,19040237670445
