0 1
0.0484205516255415 0.975801446936328
0.0945643118280316 0.952814318390542
0.139219246876229 0.93068296622606
0.18285121122116 0.909208850126994
0.225740738983284 0.888283996209673
0.268058669499053 0.867853729915749
0.309909736198384 0.847894959810869
0.351358414561713 0.828403186089396
0.39244454186229 0.809384600573973
0.433192872757155 0.79085123934932
0.473618971325489 0.7728179985887
0.513732862434411 0.755300800763968
0.553541301876486 0.738315476419446
0.593049190950047 0.721877093260782
0.632260459652668 0.70599956591795
0.671178619463361 0.690695442424433
0.709807110739908 0.675975802388061
0.748149522677776 0.661850226106448
0.786209734483557 0.648326809051873
0.82399200813875 0.635412205643818
0.86150105169727 0.623111692172414
0.898742064888117 0.611429242461412
0.935720774275926 0.600367612194672
0.972443462365062 0.589928429293481
1.00891699319224 0.580112288645874
1.04514883574823 0.570918850054099
1.08114708575803 0.562346938606083
1.11692048578061 0.554394646867487
1.1524784431733 0.547059438378779
1.18783104514915 0.540338251955081
1.22298906991108 0.534227606242691
1.25796399266493 0.528723703897124
1.2927679851961 0.523822534622633
1.32741390765252 0.519519976162437
1.36191529122277 0.515811892163708
1.39628631054787 0.512694225676345
1.43054174496709 0.510163086896884
1.46469692807454 0.508214833658227
1.49876768554251 0.506846143112029
1.53277026172519 0.506054073071447
1.56672123615182 0.505836111590336
1.60063743160152 0.506190213555523
1.63453581596621 0.507114823356417
1.66843340049946 0.508608883055078
1.7023471372761 0.510671825885101
1.73629381872498 0.513303555327985
1.77028998194388 0.516504410418038
1.80435182018123 0.520275118280896
1.83849510341245 0.524616735192657
1.87273510939899 0.529530577641964
1.90708656604799 0.535018144981835
1.94156360534017 0.541081035276549
1.97617972860063 0.547720855893644
2.01094778248028 0.554939130278797
2.04587994470657 0.562737202200443
2.08098771845427 0.571116138579252
2.11628193407178 0.580076631840661
2.15177275686384 0.589618902558757
2.18746969966012 0.599742603005907
2.22338163897484 0.610446722090014
2.25951683366975 0.621729492052968
2.29588294515707 0.633588297220183
2.33248705831073 0.64601958503115
2.36933570238437 0.659018779542595
2.40643487135858 0.67258019757677
2.44379004325326 0.686696967684829
2.48140619804344 0.701360952106704
2.51928783390684 0.716562671931969
2.55743898161016 0.732291235698718
2.59586321690957 0.748534271707724
2.63456367089988 0.765277864375291
2.67354303829887 0.782506494998935
2.71280358369902 0.800202987363801
2.75234714585964 0.818348458673221
2.79217514015023 0.83692227634255
2.83228855929048 0.855902021249868
2.87268797256527 0.875263458088489
2.91337352372435 0.894980513512617
2.95434492780607 0.915025262806681
2.99560146715304 0.935367925838618
3.0371419869139 0.955976873074936
3.0789648903491 0.976818642438299
3.1210681342794 0.99785796777378
3.1634492250318 1.01905781965528
3.20610521524855 1.04037945920647
3.24903270192925 1.06178250552909
3.29222782607248 1.08322501722382
3.33568627427095 1.10466358835504
3.37940328259238 1.12605345905028
3.42337364304531 1.14734864074001
3.46759171288549 1.16850205583583
3.51205142696439 1.18946569141938
3.55674631325615 1.21019076627521
3.60166951162555 1.23062791035557
3.64681379581773 1.25072735552044
3.69217159856304 1.2704391361608
3.73773503960046 1.28971329809585
3.78349595633277 1.30850011394426
3.82944593674007 1.3267503030134
3.87557635409857 1.34441525363654
3.92187840298153 1.36144724582156
3.96834313596283 1.37779967205922
4.01496150040248 1.39342725417682
4.06172437467015 1.40828625421221
4.10862260315839 1.42233467742137
4.15564702945195 1.43553246571382
4.20278852705348 1.44784168002659
4.25003802711736 1.45922667039105
4.2973865427106 1.46965423270568
4.34482518920048 1.47909375149353
4.39234520045976 1.48751732818281
4.4399379406783 1.49489989469501
4.48759491167288 1.50121931234657
4.53530775568999 1.50645645626177
4.58306825379833 1.51059528564952
4.6308683200644 1.51362290041273
4.67869999179562 1.51552958463313
4.72655541621716 1.51630883750892
4.77442683402173 1.51595739231783
4.82230656029358 1.51447522393935
4.87018696335925 1.51186554540115
4.91806044215744 1.50813479382273
4.9659194027487 1.50329260602085
5.01375623460252 1.49735178392328
5.0615632873049 1.49032824981847
5.10933284832301 1.4822409913552
5.15705712244663 1.47311199610691
5.20472821349654 1.46296617543517
5.25233810885003 1.45183127733431
5.29987866728219 1.43973778791686
5.34734161055895 1.42671882121371
5.39471851914483 1.41280999701473
5.44200083230575 1.39804930656651
5.4891798527959 1.38247696607402
5.53624675621924 1.36613525811783
5.58319260505333 1.34906836129653
5.63000836721702 1.33132216862606
5.67668493895876 1.3129440954684
5.72321317173986 1.29398287801078
5.76958390269263 1.27448836356437
5.81578798814828 1.25451129418621
5.86181633965828 1.23410308534139
5.90765996187759 1.21331560150225
5.95330999164178 1.19220093072057
5.99875773755299 1.17081116029924
6.04399471939411 1.14919815572784
6.08901270671486 1.1274133450289
6.1338037559777 1.10550751058885
6.1783602457129 1.08353059042291
6.22267490920879 1.06153149065086
6.26674086435102 1.03955791074875
6.31055164032074 1.01765618289822
6.35410120096213 0.995871126490221
6.3973839647301 0.974245918563343
6.44039482122673 0.952821980679054
6.48312914442692 0.931638882465408
6.52558280277588 0.910734261806132
6.56775216641397 0.89014376141962
6.60963411184401 0.869900981367632
6.65122602440372 0.850037446859949
6.69252579894078 0.830582590580594
6.73353183910944 0.811563748654061
6.77424305571837 0.793006169295252
6.81465886455833 0.774933033142562
6.85477918412827 0.757365484257061
6.89460443365951 0.740322670778448
6.9341355318116 0.723821794256934
6.973373896381 0.707878166725433
7.01232144532546 0.692505274634708
7.05098059936407 0.677714848841824
7.08935428636409 0.663516939915892
7.12744594767264 0.64991999810164
7.16525954649128 0.636930957357879
7.20279957832553 0.624555322961818
7.24007108346644 0.612797262238958
7.2770796613776 0.601659698039616
7.31383148676573 0.591144404634566
7.35033332700555 0.581252105741456
7.38659256046971 0.571982574417942
7.42261719518131 0.563334734564278
7.45841588706262 0.55530676376448
7.49399795690285 0.547896197158669
7.52937340501547 0.541100031977351
7.56455292241304 0.534914832279807
7.59954789720606 0.529336833323414
7.63437041485011 0.524362044850649
7.66903325083951 0.519986352420637
7.70354985449764 0.516205615740915
7.73793432266039 0.51301576278477
7.77220136230359 0.51041287832607
7.8063662415321 0.508393285405555
7.84044472881843 0.506953618179716
7.87445302093025 0.506090884613696
7.90840766058068 0.505802517576411
7.94232544542349 0.506086413085215
7.97622333054163 0.506940954724863
8.01011832698686 0.508365023616778
8.04402739917731 0.510357993715727
8.07796736402143 0.512919712631271
8.11195479450603 0.5160504685777
8.14600593018135 0.519750944417581
8.1801365965326 0.524022160055805
8.21436213469513 0.528865404647473
8.24869734240123 0.534282160198436
8.28315642649101 0.540274018165854
8.3177529668186 0.546842590619082
8.35249989096584 0.553989417414902
8.38740945885471 0.561715870693934
8.42249325612913 0.570023057834976
8.45776219505135 0.57891172382695
8.49322652161385 0.588382153846847
8.5288958275899 0.598434076675795
8.56477906631663 0.609066569450031
8.60088457110843 0.62027796413222
8.6372200753215 0.632065756001853
8.67379273322158 0.644426514400719
8.71060914093766 0.657355795928525
8.74767535690939 0.670848060262486
8.78499692135072 0.684896588770222
8.82257887435635 0.699493406095185
8.8604257723686 0.71462920491559
8.89854170280305 0.730293274109301
8.93693029669999 0.746473430596501
8.97559473932984 0.763155955177486
9.01453777873277 0.780325532733142
9.05376173221923 0.797965197209115
9.0932684909 0.816056281860078
9.13305952235163 0.83457837528624
9.17313587155877 0.853509283848964
9.21349816030767 0.872825001104187
9.25414658523661 0.892499684939449
9.29508091477915 0.91250564314059
9.33630048526445 0.932813328145153
9.37780419646569 0.953391341758828
9.4195905069117 0.97420645061612
9.46165742929804 0.995223613154158
9.50400252635039 1.01640601883658
9.54662290750501 1.0377151403102
9.58951522677586 1.05911079909885
9.63267568217577 1.08055124533438
9.67610001704775 1.10199325189438
9.71978352364172 1.12339222315873
9.76372104924057 1.14470231841529
9.80790700509743 1.1658765897396
9.85233537839259 1.18686713395029
9.89699974735544 1.20762525800378
9.94189329962348 1.22810165694718
9.98700885382972 1.2482466033032
10.0323388843232 1.26801014652379
10.0778755488371 1.28734232092942
10.1236107188292 1.3061933603565
10.1695360121316 1.32451391757424
10.2156428274664 1.34225528641338
10.261922380312 1.35936962447581
10.3083657395478 1.37581017427269
10.3549638642595 1.39153148066941
10.4017076400646 1.40648960259879
10.4485879143078 1.42064231713611
10.4955955294919 1.43394931420549
10.542721354337 1.44637238040012
10.5899563119142 1.45787557063869
10.6372914043633 1.46842536663855
10.6847177337824 1.47799082145107
10.7322265189702 1.48654368956576
10.7798091077955 1.49405854233775
10.8274569850735 1.50051286871853
10.8751617759312 1.50588716146532
10.9229152447452 1.51016498916444
10.9707092898335 1.51333305452488
11.0185359341757 1.51538123947799
11.0663873125162 1.51630263765835
11.1142556552829 1.51609357484082
11.1621332698136 1.51475361787431
11.2100125194384 1.5122855725872
11.2578858010038 1.50869547105001
11.3057455214593 1.50399254847411
11.3535840741387 1.49818920990826
11.4013938153827 1.49130098677512
11.4491670421377 1.48334648317574
11.4968959711556 1.47434731178801
11.5445727203866 1.46432801910256
11.5921892931233 1.45331599968296
11.6397375653998 1.44134139911093
11.687209277091 1.42843700528653
11.7345960270846 1.41463812780047
11.7818892728171 1.39998246518159
11.829080334375 1.38450995994773
11.8761604032634 1.36826264154907
11.9231205558445 1.35128445748693
11.9699517713394 1.33362109311045
12.0166449541841 1.31531978083248
12.0631909604265 1.2964290997542
12.1095806277555 1.27699876693621
12.1558048086675 1.25707942179137
12.2018544062024 1.2367224052905
12.2477204116228 1.21597953585712
12.2933939433733 1.19490288397165
12.3388662866351 1.17354454760299
12.3841289327937 1.1519564306296
12.4291736181596 1.13019002640202
12.4739923613236 1.1082962085328
12.5185774985866 1.0863250308812
12.5629217169809 1.06432553853375
12.607018084484 1.0423455913741
12.6508600771227 1.02043170159598
12.6944416027665 0.998628886250208
12.737757021506 0.976980535641317
12.780801162615 0.955528298110824
12.8235693381844 0.934311981472353
12.8660573536013 0.913369471106635
12.9082615151193 0.892736664488946
12.9501786348292 0.872447421713114
12.9918060333867 0.852533531398622
13.0331415408916 0.833024691222476
13.0741834963339 0.813948502206154
13.1149307460373 0.795330475809177
13.1553826415285 0.777194052832907
13.1955390372526 0.759560633118268
13.2354002885371 0.742449615026033
13.274967250182 0.725878443714292
13.3142412760215 0.709862667271068
13.3532242197646 0.694415999816852
13.3919184373816 0.679550390758496
13.4303267912528 0.66527609944899
13.4684526562458 0.651601774583961
13.5062999278261 0.638534537742421
13.5438730322437 0.626080070553648
13.5811769387606 0.61424270504165
13.6182171738065 0.603025516761041
13.6549998368522 0.592430420391024
13.6915316176859 0.582458267495026
13.7278198146602 0.573108946179895
13.7638723533448 0.56438148239775
13.799697804877 0.556274142622732
13.8353054031541 0.548784537601498
13.8707050598547 0.541909726817764
13.9059073761379 0.53564632322615
13.9409236497372 0.529990597698566
13.9757658760837 0.524938582489275
14.0104467420544 0.520486172867037
14.0449796109852 0.51662922589235
14.0793784977192 0.51336365514656
14.1136580327029 0.510685520062941
14.1478334144926 0.508591108386202
14.1819203504961 0.507077010215855
14.2159349863113 0.506140182088829
14.2498938246206 0.505777999641843
14.2838136351888 0.505988297571285
14.3177113580508 0.506769395874972
14.3516040024031 0.508120111703137
14.3855085439842 0.510039756542276
14.4194418238145 0.512528118875202
14.4534204510632 0.515585432870602
14.4874607125209 0.519212334024219
14.5215784907321 0.523409802975588
14.5557891923164 0.52817909894223
14.5901076874391 0.533521684340366
14.6245482608347 0.539439142200422
14.6591245742726 0.545933087947426
14.693849639927 0.553005077016681
14.728735803778 0.560656509632145
14.7637947379359 0.568888533906792
14.7990374406466 0.577701948247307
14.8344742426798 0.587097103872774
14.8701148188164 0.597073808098435
14.9059682032193 0.607631228897323
14.9420428075692 0.618767801138037
14.9783464409699 0.630481134807097
15.0148863307592 0.642767925458533
15.0516691434901 0.65562386708981
15.0887010054752 0.669043567619513
15.1259875224031 0.683020467135741
15.1635337976397 0.697546759092331
15.2013444489216 0.712613314650346
15.2394236232305 0.728209610392657
15.2777750097062 0.744323659677831
15.3164018505203 0.760941947944387
15.3553069496834 0.778049372326149
15.394492679808 0.795629185992533
15.4339609868889 0.813662947682822
15.473713393204 0.832130476959272
15.5137509984711 0.851009815758798
15.5540744794324 0.870277196875345
15.5946840880662 0.889907020052847
15.6355796486597 0.909871836409954
15.6767605540033 0.930142341950064
15.7182257609929 0.950687380931139
15.7599737859532 0.971473959876669
15.8020027000157 0.992467272999299
15.8443101249018 1.01363073977937
15.8868932294747 1.03492605538944
15.9297487274296 1.05631325458076
15.9728728764903 1.07775078954683
16.0162614794694 1.09919562215217
16.0599098875325 1.12060333076044
16.1038130059723 1.14192823171728
16.1479653027637 1.16312351534113
16.1923608201128 1.18414139605352
16.2369931891562 1.20493327604458
16.2818556478922 1.22544992162493
16.3269410623455 1.24564165116959
16.3722419508819 1.26545853332133
16.4177505115007 1.28485059389797
16.4634586518394 1.30376802975008
16.5093580215401 1.32216142764968
16.5554400465437 1.33998198616551
16.6016959648068 1.35718173840109
16.6481168628732 1.37371377344315
16.6946937126905 1.38953245439206
16.7414174080308 1.4045936309222
16.788278799867 1.41885484444591
16.8352687300666 1.43227552412568
16.8823780627912 1.4448171721873
16.9295977130411 1.45644353722384
16.9769186718434 1.46712077443667
17.0243320276626 1.47681759202414
17.0718289837007 1.4855053831909
17.1194008708489 1.49315834350096
17.1670391561569 1.49975357352637
17.2147354467882 1.50527116694314
17.2624814895319 1.50969428439082
17.3102691660394 1.51300921353839
17.3580904840498 1.51520541588415
17.405937564947 1.51627556086169
17.4538026280724 1.51621554782915
17.5016779722773 1.51502451648847
17.549555955257 1.51270484621964
17.597428971248 1.5092621447287
17.645289427704 1.50470522630266
17.6931297215838 1.49904607984913
17.7409422158942 1.49229982677827
17.7887192171266 1.48448466866961
17.8364529542133 1.47562182456221
17.8841355596001 1.46573545762114
17.9317590529994 1.45485259087307
17.9793153283338 1.4430030116731
18.0267961443253 1.43021916456952
18.0741931191115 1.41653603227523
18.1214977291924 1.40199100453529
18.1687013129194 1.38662373479995
18.2157950786447 1.37047598476938
18.2627701175446 1.35359145706536
18.3096174210263 1.33601561650229
18.3563279025214 1.31779550066633
18.4028924233672 1.29897952075903
18.4493018223786 1.27961725391061
18.4955469486269 1.25975922840757
18.5416186968663 1.23945670349857
18.5875080449892 1.21876144563218
18.6332060928506 1.19772550313023
18.6787041017774 1.17640098140422
18.7239935340823 1.15483982087428
18.7690660919143 1.13309357974656
18.8139137548238 1.1112132237468
18.8585288154721 1.08924892479576
18.902903912992 1.06724987045174
18.9470320635885 1.04526408574328
18.9909066880655 1.02333826877871
19.0345216360614 1.00151764125922
19.0778712068794 0.979845814747857
19.1209501668968 0.958364673267972
19.1637537636286 0.937114272531839
19.2062777366101 0.916132755840298
19.2485183253351 0.895456286455855
19.2904722745489 0.875118996039324
19.3321368372515 0.855152948558327
19.3735097757957 0.835588118926692
19.4145893614989 0.816452385518042
19.4553743731933 0.797771535613874
19.4958640951458 0.779569282794503
19.5360583147697 0.761867295257865
19.5759573205321 0.744685234052966
19.6155619004396 0.728040800238189
19.6548733414507 0.711949790015925
19.6938934301297 0.696426156950216
19.7326244548133 0.681482080439657
19.7710692095129 0.667128039690199
19.8092309997272 0.653372892508585
19.8471136502783 0.640223958313893
19.8847215152211 0.627687104839502
19.9220594898045 0.615766838068132
19.9591330243803 0.604466395006074
19.9959481400644 0.59378783895701
20.0325114458508 0.583732156998416
20.068830156761 0.574299359392023
20.1049121124841 0.565488580671425
20.1407657958189 0.557298182141977
20.1764003500818 0.549725855497846
20.2118255944898 0.542768727206088
20.2470520363831 0.53642346322616
20.2820908790232 0.530686373524828
20.3169540236056 0.525553515712526
20.3516540640878 0.521020796971855
20.3862042734581 0.517084073279589
20.4206185801944 0.513739244751621
20.4549115338837 0.510982345780546
20.489098259314 0.508809628506364
20.5231943987931 0.507217638081479
20.5572160429809 0.506203278180622
20.5911796511125 0.505763865279348
20.6251019620819 0.505897170389526
20.6589998984067 0.506601447195346
20.6928904655371 0.50787544586725
20.7267906492691 0.509718412221919
20.7607173141339 0.512130072314962
20.7946871055528 0.515110602966172
20.8287163582885 0.518660589093244
20.8628210133089 0.522780969041941
20.8970165446664 0.527472969330546
20.9313178974331 0.532738030365895
20.9657394371644 0.538577724738842
21.0002949108496 0.544993669678383
21.0349974188604 0.551987435151222
21.0698593970643 0.559560448955246
21.1048926080215 0.567713899989683
21.1401081400349 0.576448640708015
21.1755164127576 0.585765089585869
21.2111271880711 0.59566313427513
21.2469495850035 0.606142035974262
21.2829920975577 0.617200335427
21.3192626144351 0.628835760868377
21.3557684397735 0.641045138168163
21.392516314146 0.653824303375355
21.4295124351986 0.667168017841137
21.4667624774191 0.681069886089126
21.5042716106368 0.695522276608023
21.5420445169494 0.710516245760636
21.5800854058543 0.72604146503236
21.6183980274343 0.742086151879614
21.6569856835107 0.758637004482824
21.6958512367314 0.775679140757577
21.7349971176082 0.793196042030372
21.7744253295618 0.811169501840317
21.8141374520703 0.829579580383982
21.8541346420542 0.848404565175699
21.8944176336627 0.867620938548408
21.9349867366594 0.887203352668701
21.9758418336357 0.907124612781983
22.016982376307 0.927355669437414
22.058407381178 0.947865620464911
22.1001154248844 0.968621723485493
22.1421046395425 0.989589419728828
22.1843727084549 1.01073236990537
22.2269168625354 1.0320125028325
22.2697338778206 1.05339007744218
22.3128200744386 1.07482375870085
22.3561713173927 1.09627070784812
22.3997830195037 1.11768668721149
22.4436501468226 1.13902617967797
22.4877672267889 1.16024252270494
22.532128359358 1.18128805653314
22.5767272312595 1.20211428603049
22.6215571334818 1.22267205535172
22.6666109819936 1.24291173435303
22.7118813416327 1.26278341546119
22.7573604529995 1.28223711947118
22.8030402621057 1.3012230085443
22.8489124524368 1.31969160450816
22.8949684790059 1.33759401042891
22.9411996039034 1.35488213334007
22.9875969327824 1.37150890597681
23.0341514516742 1.38742850538102
23.0808540634973 1.40259656631188
23.1276956236111 1.41697038751593
23.1746669737728 1.43050912907554
23.2217589738832 1.44317399925824
23.2689625309499 1.45492842952313
23.3162686247605 1.46573823659476
23.3636683298307 1.47557177077876
23.411152833283 1.48440004995687
23.4587134484041 1.49219687895117
23.5063416237333 1.49893895417959
23.5540289476348 1.50460595372875
23.6017671484126 1.50918061314026
23.6495480901217 1.512648787338
23.6973637643265 1.51499949921486
23.7452062781407 1.51622497544716
23.7930678389599 1.51632067011552
23.8409407363646 1.51528527668478
23.8888173217285 1.5131207288383
23.9366899861066 1.50983219057815
23.9845511370175 1.50542803590002
24.032393174749 1.49991981823657
24.0802084688303 1.49332222974344
24.1279893353103 1.48565305038579
24.1757280154704 1.47693308667717
24.2234166565738 1.46718609983426
24.2710472952186 1.45643872304667
24.3186118438148 1.4447203675265
24.366102080648 1.43206311700138
24.4135096439204 1.41850161035158
24.4608260300855 1.40407291216742
24.5080425967015 1.38881637111728
24.5551505699328 1.37277346616892
24.6021410567305 1.35598764089128
24.6490050616132 1.33850412627784
24.6957335078681 1.32036975276674
24.7423172628864 1.30163275237932
24.7887471672486 1.28234255214813
24.8350140670887 1.26254956024672
24.8811088491856 1.24230494645629
24.9270224781728 1.22166041879838
24.9727460352081 1.20066799831903
25.0182707574257 1.17937979412037
25.0635880774831 1.15784778079464
25.1086896625379 1.1361235804203
25.1535674520202 1.11425825122894
25.198213693626 1.09230208494686
25.2426209770239 1.07030441466133
25.2867822648551 1.04831343486445
25.3306909206962 1.02637603509556
25.3743407337558 1.00453764834584
25.4177259401763 0.982842115115624
25.4608412409107 0.961331563736649
25.5036818162398 0.94004630729679
25.5462433370798 0.919024757243208
25.5885219733096 0.898303353497801
25.6305143994093 0.877916510702826
25.6722177977559 0.857896580028315
25.7136298599601 0.838273825819122
25.7547487866577 0.819076416239047
25.7955732861797 0.800330426982042
25.8361025725339 0.782059857064442
25.8763363631192 0.764286655684966
25.9162748765818 0.7470307591378
25.955918831198 0.730310136784677
25.9952694441377 0.714140845130893
26.0343284319275 0.698537089103711
26.0730980123919 0.683511289695895
26.1115809083022 0.669074157208808
26.1497803529147 0.655234769405208
26.1877000975204 0.642000653958714
26.2253444210656 0.629377874662172
26.2627181418317 0.617371120928233
26.2998266310836 0.605983800180039
26.3366758285033 0.595218132785615
26.3732722591252 0.585075249233929
26.4096230513741 0.57555528928121
26.4457359556782 0.566657502810264
26.4816193629902 0.558380352140454
26.5172823224012 0.550721615499081
26.5527345568781 0.543678491313455
26.5879864760093 0.537247702905276
26.6230491845094 0.53142560306427
26.6579344851345 0.526208277847475
26.6926548746096 0.521591648797853
26.7272235311841 0.517571572607944
26.7616542925419 0.514143937081849
26.795961622999 0.511304752086316
26.8301605692446 0.509050234047005
26.8642667043117 0.507376882458471
26.8982960599861 0.506281546855142
26.9322650484449 0.50576148275115
26.9661903745138 0.505814395208581
27.0000889404898 0.506438468936588
27.033977745941 0.50763238414772
27.0678737852098 0.509395317782247
27.1017939454901 0.511726930127798
27.1357549082892 0.514627337277682
27.1697730568538 0.518097070254283
27.2038643917395 0.522137021946367
27.2380444562066 0.526748383251263
27.2723282725596 0.531932569965201
27.3067302899832 0.537691142027659
27.3412643439002 0.544025716707278
27.3759436264197 0.550937877232304
27.4107806670865 0.558429078235542
27.4457873228756 0.566500549220832
27.4809747762198 0.575153197082042
27.516353539778 0.584387508530532
27.5519334666522 0.59420345312383
27.5877237648122 0.604600387443895
27.6237330145829 0.615576960852086
27.659969188161 0.627131023151318
27.6964396702616 0.639259534413639
27.7331512791246 0.651958477181989
27.7701102872389 0.66522277122603
27.8073224412626 0.679046191020973
27.8447929807243 0.693421286122718
27.882526655189 0.708339304629823
27.9205277396546 0.723790119950633
27.9588000480205 0.73976216113024
27.9973469445322 0.756242347035165
28.0361713531617 0.773216024742141
28.0752757649331 0.790666912529632
28.1146622432453 0.808577047925515
28.1543324272815 0.826926741320093
28.1942875336356 0.845694535708948
28.2345283563131 0.864857173183339
28.2750552653032 0.884389568835136
28.3158682039424 0.904264792786583
28.3569666853246 0.924454061090279
28.3983497880374 0.944926736269104
28.4400161515295 0.965650338276968
28.4819639714376 0.986590566656292
28.5241909952191 1.00771133464458
28.5666945184513 1.02897481593762
28.6094713821649 1.05034150474867
28.6525179715815 1.07177028970944
28.695830216616 1.0932185420391
28.7394035944898 1.11464221826096
28.7832331347719 1.13599597757488
28.8273134271284 1.15723331379695
28.8716386320124 1.17830670156213
28.916202494466 1.19916775625253
28.9609983611383 1.21976740687166
29.0060192005444 1.24005608083893
29.0512576265055 1.25998389943751
29.0967059246236 1.27950088242082
29.1423560815509 1.29855716007694
29.1881998167271 1.31710319087477
29.2342286161735 1.33508998267856
29.280433767857 1.35246931542477
29.3268063980733 1.36919396311234
29.3733375082493 1.38521791296626
29.4200180115311 1.4004965796965
29.4668387685097 1.41498701288635
29.5137906214406 1.42864809570341
29.5608644263384 1.44144073332444
29.6080510823678 1.45332802969573
29.6553415580129 1.4642754515022
29.7027269135792 1.4742509784816
29.7501983196709 1.48322523948438
29.7977470713766 1.49117163393391
29.8453645980021 1.49806643857749
29.8930424682883 1.50388889962697
29.9407723911568 1.50862131056286
29.9885462121256 1.51224907601323
30.0363559056301 1.51476076221524
30.0841935635744 1.51614813462272
30.1320513805112 1.51640618323947
30.1799216359219 1.51553313623653
30.2277966741205 1.51353046235872
30.2756688823549 1.51040286254523
30.3235306677118 1.50615825108867
30.3713744334534 1.50080772654342
30.4191925554289 1.49436553247446
30.466977359201 1.4868490080208
30.5147210985164 1.47827852813974
30.5624159357288 1.4686774333067
30.6100539247467 1.45807194837752
30.657626997033 1.44649109028081
30.7051269511277 1.43396656420196
30.7525454460967 1.42053264795193
30.7998739992331 1.40622606428352
30.8471039882496 1.39108584102687
30.8942266581066 1.37515315906257
30.9412331325197 1.35847118833129
30.9881144300852 1.34108491228857
31.0348614848582 1.32304094144515
31.0814651711105 1.3043873168786
31.1279163318998 1.28517330485151
31.1742058109901 1.26544918391426
31.2203244875823 1.24526602609705
31.2662633132537 1.22467547399398
31.3120133504546 1.20372951570478
31.3575658118844 1.1824802597168
31.4029121000621 1.16097971187688
31.4480438464202 1.13927955661536
31.4929529492828 1.11743094454123
31.5376316101441 1.09548428843034
31.5820723677282 1.0734890694817
31.6262681293979 1.05149365552502
31.6702121995682 1.02954513263586
31.7138983048808 1.00768915135991
31.7573206159966 0.985969788477079
31.8004737659623 0.964429424957445
31.8433528652019 0.943108640485746
31.8859535132736 0.922046124667013
31.9282718076086 0.901278604780691
31.9703043495157 0.880840789730631
32.0120482477909 0.860765329647547
32.0535011203115 0.841082790442046
32.0946610940227 0.821821642481103
32.1355268037426 0.803008262468737
32.1760973902157 0.784666947551214
32.2163724978392 0.766819940635897
32.2563522724736 0.749487465907922
32.2960373597251 0.73268777354655
32.3354289040608 0.7164371926796
32.3745285490787 0.700750191666042
32.4133384392185 0.685639444859761
32.4518612231503 0.671115905078329
32.4901000590292 0.65718888107591
32.5280586217477 0.64386611939629
32.5657411122547 0.631153890057647
32.6031522689407 0.619057075592508
32.6402973810102 0.607579263032034
32.6771823036715 0.596722838480888
32.713813474879 0.586489083975129
32.7501979332421 0.576878276348363
32.7863433365963 0.567889787848097
32.8222579805895 0.55952218824217
32.8579508164897 0.551773348131555
32.8934314672684 0.544640543138085
32.9287102408639 0.53812055856195
32.9637981393944 0.532209794003
32.998706862984 0.526904367313005
33.0334488068058 0.522200217096173
33.0680370499514 0.518093202808911
33.1024853348308 0.514579201337156
33.1368080359982 0.511654198764646
33.1710201176046 0.509314375905414
33.2051370790947 0.507556186078146
33.2391748892752 0.506376423567917
33.2731499094578 0.505772281268664
33.3070788069805 0.505741396137815
33.3409784609761 0.50628188132445
33.3748658627405 0.507392344145443
33.4087580133913 0.50907188946125
33.4426718216782 0.511320108416869
33.4766240047787 0.514137052931722
33.5106309946999 0.517523196712008
33.5447088525367 0.521479383891821
33.5788731923437 0.526006766664138
33.6131391158235 0.531106733428395
33.6475211584674 0.53678082905677
33.6820332472437 0.543030668873969
33.7166886694667 0.549857847869362
33.7515000521002 0.55726384653321
33.7864793504752 0.565249934549045
33.8216378452238 0.573817073399114
33.8569861461457 0.582965818763934
33.8925342017102 0.592696223431425
33.9282913129425 0.60300774128368
33.9642661505332 0.613899132804625
34.000466774121 0.625368372451533
34.0369006528283 0.637412558157631
34.0735746862606 0.650027823180343
34.1104952253108 0.663209250477992
34.1476680922282 0.676950789784345
34.1850985995228 0.691245177552709
34.2227915673755 0.706083859956739
34.2607513393076 0.721456919161494
34.2989817959419 0.737353003113507
34.3374863667496 0.753759259140924
34.3762680397366 0.770661271702558
34.4153293690696 0.788043004676525
34.4546724806899 0.805886748633589
34.4942990759985 0.824173073596057
34.5342104337357 0.842880787838545
34.5744074102118 0.861986903340571
34.6148904380759 0.881466608550897
34.6556595238429 0.901293249167877
34.6967142444282 0.921438317676516
34.7380537429635 0.941871452409056
34.7796767241989 0.962560446909158
34.8215814498136 0.983471270377366
34.8637657339804 1.0045680999549
34.9062269395416 1.02581336556136
34.9489619751656 1.0471678079372
34.9919672938514 1.06859055045244
35.0352388931455 1.0900391851271
35.0787723174198 1.11146987316649
35.1225626625315 1.13283746014644
35.1666045831523 1.15409560579071
35.210892303007 1.17519692806938
35.2554196282023 1.19609316111661
35.3001799637602 1.21673532622449
35.3451663333936 1.23707391492389
35.3903714024774 1.25705908292095
35.4357875040811 1.27664085342721
35.4814066678368 1.29576932821191
35.5272206513296 1.3143949045244
35.5732209736101 1.3324684958912
35.6193989503537 1.34994175469273
35.6657457301249 1.36676729437417
35.7122523311518 1.38289890914598
35.7589096779828 1.39829178908378
35.8057086373771 1.41290272864224
35.8526400527849 1.42669032674996
35.8996947767926 1.43961517684511
35.9468637009473 1.45164004543764
35.9941377824333 1.46273003803297
36.0415080671434 1.47285275151422
36.0889657087726 1.48197841234436
36.1365019836552 1.4900800002064
36.1841083011668 1.4971333569383
36.2317762096148 1.50311728083227
36.2794973976441 1.50801360654871
36.3272636912866 1.51180727103794
36.3750670468757 1.51448636596568
36.4228995401375 1.51604217720009
36.4707533518477 1.51646921193978
36.518620750514 1.51576521404656
36.5664940726023 1.51393116809771
36.6143657008711 1.5109712925962
36.6622280414185 1.50689302267909
36.7100735000657 1.50170698255255
36.7578944587188 1.49542694776241
36.8056832523503 1.48806979729178
36.8534321472319 1.4796554553668
36.9011333210301 1.47020682275793
36.9487788453434 1.45974969729205
36.9963606712149 1.44831268324679
37.0438706181018 1.43592708928739
37.0913003667145 1.42262681463199
37.1386414560637 1.40844822319527
37.1858852849688 1.3934300055633
37.2330231181853 1.37761302879374
37.2800460972113 1.36104017421126
37.3269452557278 1.34375616357377
37.3737115395211 1.3258073742138
37.420335830633 1.30724164400358
37.4668089753828 1.28810806724147
37.5131218158133 1.26845678280227
37.5592652240337 1.24833875612309
37.6052301388634 1.22780555680008
37.6510076041332 1.20690913373932
37.696588807968 1.18570158992996
37.7419651223673 1.16423495898238
37.7871281424064 1.14256098559468
37.8320697244166 1.12073091207661
37.8767820225484 1.09879527297033
37.9212575231897 1.07680369966773
37.9654890767929 1.05480473673881
38.0094699267514 1.03284567146311
38.0531937350693 1.01097237780522
38.0966546046633 0.989229175806421
38.1398470982396 0.967658707086066
38.1827662537835 0.946301826870529
38.2254075967879 0.925197512700623
38.2677671494264 0.904382789720441
38.3098414369474 0.883892672226227
38.3516274916187 0.863760120958649
38.3931228545973 0.84401601545836
38.43432557613 0.824689140674527
38.4752342145079 0.805806186918974
38.5158478342038 0.787391762193526
38.5561660036209 0.769468415882754
38.5961887928636 0.752056672795612
38.6359167719249 0.735175076553973
38.6753510096529 0.718840241360043
38.7144930738274 0.703066911224238
38.7533450326359 0.687868025796588
38.7919094577953 0.673254792014561
38.830189429515 0.659236760855044
38.8681885434409 0.64582190855497
38.9059109196611 0.633016721741086
38.9433612137819 0.620826285981932
38.9805446300091 0.609254377341808
39.0174669360797 0.598303556575154
39.0541344797916 0.587975265647688
39.0905542067688 0.578269926305688
39.1267336789733 0.569187040434122
39.1626810933408 0.560725291945263
39.1984052997683 0.552882649919345
39.2339158175321 0.545656472674854
39.2692228490616 0.53904361237639
39.3043372898586 0.53304051969138
39.3392707332383 0.527643347883806
39.3740354685011 0.522848055586469
39.4086444711394 0.518650507328881
39.4431113837622 0.515046570725401
39.4774504865953 0.51203220906097
39.511676656707 0.509603567866725
39.5458053155027 0.507757053974022
39.579852364536 0.506489405492409
39.6138341102469 0.505797751191874
39.6477671788406 0.505679657893671
39.6816684230945 0.506133164690239
39.7155548233794 0.507156803116184
39.7494433855454 0.508749602761307
39.7833510385204 0.510911082227026
39.8172945344715 0.513641225747262
39.8512903541942 0.516940446191021
39.8853546200451 0.520809535506959
39.9195030182562 0.525249603937858
39.9537507319206 0.530262009512483
39.9881123853694 0.535848279411126
40.0226020001164 0.542010024805619
40.057232962065 0.548748850708012
40.0920179992857 0.556066262241587
40.1269691693761 0.563963568591942
40.1620978552291 0.572441785722089
40.1974147679304 0.581501538758876
40.2329299554882 0.591142964790342
40.268652816133 0.601365616663039
40.3045921150102 0.612168368239905
40.3407560031979 0.623549321475247
40.3771520381089 0.635505715583932
40.4137872044687 0.648033838525858
40.4506679351897 0.661128940991977
40.4878001315855 0.674785153062117
40.5251891824791 0.688995403704923
40.5628399818611 0.703751343303847
40.6007569448399 0.719043269417958
40.6389440217037 0.734860056020343
40.677404709982 0.751189086498174
40.7161420644486 0.768016190745585
40.7551587050625 0.785325586731748
40.7944568228861 0.803099826980732
40.8340381840589 0.821319750455291
40.8739041319456 0.839964440392372
40.9140555876083 0.859011188692144
40.9544930487863 0.878435467513005
40.995216587599 0.898210908770363
41.0362258472145 0.918309292274798
41.0775200377578 0.938700543273086
41.1190979317547 0.959352740170965
41.1609578594349 0.980232133216738
41.2030977042327 1.00130317490717
41.245514898845 1.022528562839
41.2882064222113 1.04386929566853
41.3311687977851 1.06528474275612
41.3743980934625 1.08673272796058
41.4178899235186 1.10816962791059
41.4616394528782 1.12955048491545
41.5056414040144 1.15082913448893
41.5498900667216 1.17195834724922
41.5943793109554 1.19288998472987
41.6391026028636 1.21357516839642
41.6840530240585 1.23396446091776
41.7292232940971 1.25400805849783
41.774605796049 1.27365599284053
41.8201926049405 1.29285834110707
41.8659755187746 1.31156544203988
41.9119460917401 1.32972811627712
41.958095669146 1.34729788877557
42.0044154235471 1.36422721120096
42.0508963914764 1.38046968213801
42.0975295101568 1.39598026301832
42.1443056535489 1.41071548776159
42.1912156670868 1.42463366427084
42.2382504004739 1.43769506610951
42.2854007379463 1.44986211290953
42.3326576254654 1.46109953830586
42.3800120943718 1.47137454445339
42.4274552811138 1.48065694244731
42.4749784427569 1.48891927822596
42.5225729680797 1.49613694377755
42.5702303841633 1.50228827368936
42.6179423584877 1.50735462726402
42.6657006966438 1.51132045657626
42.7134973358722 1.51417336095304
42.7613243347255 1.51590412842761
42.8091738592304 1.51650676474631
42.8570381660021 1.51597851049625
42.9049095828165 1.51431984687841
42.9527804872033 1.51153449057787
43.0006432836541 1.50762937808768
43.0484903800695 1.50261463973281
43.0963141640853 1.49650356352189
43.1441069799176 1.48931254883593
43.1918611063629 1.48106104985159
43.2395687365676 1.47177150849963
43.2872219601505 1.46146927668329
43.3348127482214 1.45018252743283
43.3823329417854 1.43794215465599
43.429774243956 1.4247816611639
43.477128216329 1.41073703470949
43.5243862797835 1.39584661187314
43.571539719883 1.38015092976502
43.6185796969525 1.3636925656846
43.6654972608027 1.346515965079
43.7122833699658 1.3286672583678
43.7589289152058 1.31019406744391
43.805424746961 1.29114530290929
43.8517617062851 1.27157095335055
43.8979306587727 1.25152186819147
43.9439225308814 1.23104953586808
43.9897283480129 1.21020585924568
44.0353392736842 1.18904293032943
44.0807466491005 1.16761280640273
44.1259420324543 1.14596728975706
44.170917237301 1.1241577131508
44.2156643694052 1.10223473305399
44.2601758615216 1.08024813260314
44.3044445056469 1.05824663601215
44.3484634823734 1.03627773596781
44.3922263870676 1.01438753529164
44.4357272527009 0.9926206038825
44.4789605692583 0.971019851677342
44.5219212997481 0.949626418090366
44.5646048929248 0.928479578122199
44.6070072929218 0.907616665079285
44.6491249460566 0.887073009615413
44.6909548051331 0.866881894607244
44.7324943316079 0.847074525207196
44.7737414960234 0.827680013281596
44.8146947771271 0.808725375339875
44.8553531601082 0.790235542990643
44.8957161343775 0.772233384920675
44.9357836913081 0.754739739380137
44.9755563223312 0.737773456168544
45.015035017758 0.721351447147102
45.0542212666603 0.705488744350485
45.0931170581099 0.690198564830975
45.1317248840275 0.675492381436611
45.1700477438452 0.661379998799259
45.2080891511335 0.647869633885162
45.2458531422802 0.634968000536814
45.2833442872446 0.622680397508263
45.3205677023321 0.611010799563755
45.3575290648507 0.599961951269682
45.3942346294123 0.589535463159565
45.4306912455353 0.57973190998907
45.4669063760797 0.570550930819981
45.5028881159153 0.561991330676136
45.538645210073 0.554051183497706
45.5741870704836 0.546727936080172
45.6095237902524 0.540018512618911
45.6446661542785 0.533919419387838
45.6796256449119 0.528426848961605
45.7144144412634 0.523536783247512
45.7490454107678 0.519245094431201
45.7835320916633 0.515547642768118
45.8178886652109 0.512440369983626
45.8521299167491 0.509919386894757
45.8862711850586 0.507981053754966
45.9203282999977 0.506622051769393
45.9543175089282 0.505839444249643
45.9882553930484 0.505630725986485
46.0221587753358 0.505993859620708
46.0560446223122 0.506927298081221
46.0899299422359 0.508429992519406
46.1238316825514 0.510501385574624
46.1577666294568 0.513141390226234
46.1917513122992 0.516350354889547
46.2258019151755 0.520129015766316
46.25993419766 0.524478437741048
46.294163426039 0.529399945308368
46.3285043158606 0.534895045119611
46.3629709860582 0.540965341753888
46.3975769244157 0.54761244826246
46.4323349637334 0.554837892921985
46.4672572677502 0.562643023480636
46.5023553256671 0.571028910009039
46.5376399540078 0.579996247290876
46.5731213045138 0.58954525751825
46.6088088768067 0.599675593903206
46.6447115346208 0.610386245684608
46.6808375245228 0.621675444901633
46.7171944961551 0.633540575221854
46.7537895231742 0.645978083052243
46.7906291241849 0.658983391123448
46.8277192830934 0.672550814718872
46.8650654684198 0.686673480717788
46.9026726512066 0.701343249633315
46.9405453212562 0.716550640849337
46.9786875015034 0.73228476129308
47.0171027604009 0.748533237820333
47.0557942222523 0.765282153636539
47.0947645754801 0.78251598912767
47.1340160788618 0.800217567528591
47.1735505658073 0.818368005912081
47.2133694467886 0.836946672037378
47.2534737100676 0.855931147651517
47.2938639209006 0.875297198888033
47.3345402194291 0.895018754453945
47.375502317496 0.915067892335067
47.4167494946551 0.935414835779375
47.4582805936686 0.956027959335688
47.5000940158088 0.976873805727782
47.5421877163037 0.99791711432943
47.5845592002805 1.01912086197123
47.6272055195718 1.04044631675294
47.6701232707549 1.06185310545357
47.7133085947898 1.08329929502395
47.7567571786092 1.10474148851263
47.8004642589931 1.12613493561568
47.8444246290262 1.14743365785584
47.8886326473935 1.16859058818936
47.9330822507154 1.18955772461287
47.9777669690587 1.21028629710423
48.0226799446858 1.23072694698611
48.0678139540229 1.25082991755653
48.1131614327396 1.27054525459573
48.1587145037466 1.28982301514153
48.2044650078206 1.30861348273489
48.2504045364877 1.3268673871815
48.2965244667101 1.34453612676127
48.3428159968545 1.36157199075106
48.3892701833634 1.37792838011087
48.4358779775088 1.39356002422079
48.4826302615865 1.4084231916456
48.5295178839015 1.42247589304148
48.5765316919125 1.43567807450043
48.6236625629375 1.44799179984404
48.6709014318698 1.45938142062134
48.7182393154271 1.46981373282462
48.7656673325317 1.47925811960146
48.8131767205119 1.48768667950189
48.8607588469164 1.49507434004414
48.9084052168302 1.5013989566049
48.9561074756881 1.506641396831
49.0038574076818 1.51078561092452
49.0516469299539 1.51381868826938
49.0994680828608 1.51573090094173
49.1473130166728 1.51651573468104
49.1951739751471 1.51616990789402
49.2430432764763 1.51469337922507
49.2909132921622 1.51208934415818
49.3387764244086 1.50836422102348
49.3866250826506 1.50352762667328
49.4344516598591 1.49759234197459
49.4822485092616 1.49057426714619
49.5300079221163 1.48249236685508
49.5777221071572 1.47336860488712
49.6253831723013 1.46322786812747
49.6729831091667 1.45209787953258
49.7205137809007 1.44000909975401
49.7679669137527 1.42699461708771
49.815334092757 1.41309002547411
49.8626067618034 1.39833329036512
49.909776228287 1.38276460240331
49.9568336724277 1.36642621902395
50.003770161248 1.34936229428701
50.0505766670911 1.33161869746888
50.0972440904574 1.31324282118348
50.143763286835 1.29428338005099
50.1901250971048 1.27479020117989
50.236320381017 1.25481400796314
50.2823400531629 1.234406198902
50.3281751208124 1.21361862335143
50.3738167229494 1.19250335622004
50.4192561698217 1.17111247374884
50.4644849823247 1.14949783253106
50.5094949305629 1.1277108539184
50.5542780709784 1.10580231588696
50.5988267814948 1.08382215431161
50.6431337942015 1.06181927542623
50.6871922251942 1.03984138103571
50.7309956012783 1.01793480780281
50.774537883346 0.996144381668424
50.8178134863376 0.974513288187805
50.860817295793 0.953082959287295
50.9035446810946 0.931892976675871
50.9459915055817 0.91098099189099
50.9881541337921 0.890382662725847
51.0300294361439 0.870131605580381
51.0716147914214 0.850259363104527
51.1129080874586 0.830795386361427
51.1539077204424 0.811767030630803
51.1946125932612 0.793199563897707
51.2350221133301 0.775116187027286
51.2751361903091 0.757538064609401
51.3149552341146 0.740484365464414
51.3544801535983 0.723972311829661
51.3937123562346 0.708017236291143
51.4326537491189 0.692632645583036
51.4713067415395 0.677830290445165
51.5096742493328 0.663620240802145
51.5477597011824 0.650010965604336
51.5855670469608 0.637009416747297
51.6231007681471 0.624621116560329
51.6603658902803 0.612850248423565
51.6973679973238 0.601699750134519
51.7341132477203 0.59117140969665
51.7706083918134 0.581265963241932
51.8068607901874 0.571983194824103
51.842878432348 0.563322037826393
51.8786699550206 0.555280677714536
51.9142446591938 0.54785665582984
51.9496125248803 0.5410469738559
51.984784222429 0.534848198504598
52.0197711190948 0.529256565852261
52.0545852794915 0.524268084617279
52.0892394585262 0.519878637510898
52.1237470854603 0.516084079621683
52.1581222378882 0.512880332623495
52.1923796046749 0.510263473442481
52.2265344372591 0.508229815899298
52.2606024891959 0.506775983778126
52.2945999443619 0.505898973782092
52.3285433348433 0.505596206929119
52.3624494501151 0.505865567128987
52.396335239647 0.50670542595773
52.4302177114902 0.508114652995344
52.4641138296473 0.510092611493134
52.4980404130975 0.51263913955741
52.5320140392225 0.51575451744362
52.5660509540775 0.519439421917987
52.60016699151 0.523694868937665
52.6343775025979 0.5285221461091
52.6686972963106 0.533922736502055
52.7031405917386 0.539898235427269
52.7377209817319 0.546450261740206
52.772451407371 0.553580365128199
52.807344142365 0.561289930691711
52.8424107862519 0.569580081960551
52.8776622651471 0.578451583308707
52.9131088387408 0.587904742559746
52.9487601122654 0.597939314417942
52.9846250522234 0.608554405224324
53.020712004772 0.619748379424791
53.0570287157794 0.631518768050184
53.0935823517041 0.643862179444753
53.1303795205755 0.656774212438133
53.1674262924796 0.670249372134118
53.2047282190724 0.684280988484687
53.2422903517423 0.698861137827261
53.2801172581397 0.713980567584608
53.3182130368682 0.729628624358058
53.3565813302049 0.745793185683825
53.3952253347744 0.762460595767581
53.4341478101579 0.779615605562479
53.4733510854609 0.797241317609195
53.5128370639073 0.815319136111829
53.5526072255662 0.833828722779272
53.5926626283492 0.852747959016379
53.6330039074535 0.872052915101213
53.673631273454 0.891717827031936
53.7145445092797 0.911715081767418
53.7557429663366 0.932015211617031
53.7972255600687 0.952586898554839
53.8389907652681 0.973396989238882
53.8810366114726 0.994410521504708
53.9233606788008 1.01559076307118
53.9659600945882 1.03689926314335
54.0088315311958 1.0582959175199
54.0519712053562 1.07973904770951
54.0953748794145 1.10118549443107
54.1390378647997 1.12259072571674
54.1829550280321 1.14390895965574
54.2271207995295 1.16509330161303
54.2715291854233 1.18609589553393
54.3161737825319 1.20686808870921
54.3610477965677 1.22736060913017
54.4061440635709 1.24752375431861
54.4514550744796 1.26730759027922
54.4969730026547 1.28666215900132
54.5426897340878 1.3055376927414
54.588596899933 1.32388483315576
54.6346859109236 1.34165485323118
54.6809479931615 1.35879987988687
54.7273742247088 1.37527311509704
54.7739555723675 1.3910290534118
54.8206829280077 1.40602369383518
54.8675471437949 1.42021474414889
54.9145390656799 1.43356181594459
54.9616495645466 1.44602660883863
55.0088695644594 1.45757308258209
55.0561900675167 1.46816761603619
55.1036021748979 1.47777915224755
55.1510971037779 1.48637932911936
55.1986661998815 1.49394259542277
55.2463009455527 1.5004463121192
55.2939929633146 1.5058708391609
55.3417340150015 1.51019960809868
55.3895159966388 1.51341918094812
55.4373309293408 1.51551929584717
55.4851709465774 1.51649290007877
55.5330282782388 1.51633617103401
55.5808952319864 1.51504852565799
55.6287641724359 1.51263261885667
55.6766274987571 1.50909433125441
55.724477621306 1.50444274658609
55.7723069379248 1.4986901188906
55.8201078105513 1.49185182955364
55.8678725427747 1.48394633413272
55.9155933589624 1.47499509879467
55.9632623855504 1.46502252611299
56.010871635057 1.45405586991356
56.0584129933261 1.44212513883042
56.1058782104467 1.42926298824031
56.153258895726 1.41550460028995
56.2005465170101 1.40088755181439
56.2477324045568 1.38545167006729
56.2948077595705 1.3692388763438
56.3417636674028 1.35229301776829
56.3885911153206 1.33465968773775
56.4352810146366 1.31638603574934
56.4818242268935 1.29752056758854
56.5282115937001 1.27811293710222
56.5744339697265 1.25821373101939
56.6204822582964 1.23787424849913
56.6663474489528 1.21714627727182
56.7120206563352 1.19608186838629
56.7574931596861 1.17473311167518
56.802756442304 1.15315191409785
56.8478022302828 1.13138978311279
56.8926225299152 1.10949761716824
56.937209663201 1.087525505284
56.9815563009689 1.0655225375333
57.0256554932134 1.04353662802848
57.0695006963365 1.02161435177581
57.1130857970895 0.999800796503511
57.156405133106 0.97813943029203
57.199453510019 0.956671985557567
57.2422262152463 0.935438359667554
57.2847190286124 0.914476532208993
57.3269282300501 0.893822498694049
57.3688506046872 0.873510220277574
57.410483445672 0.853571588882094
57.4518245551308 0.834036406979369
57.4928722436712 0.814932381164617
57.5336253288609 0.796285128579118
57.5740831331097 0.778118195187454
57.6142454813762 0.760453084894346
57.6541126991025 0.743309298489747
57.6936856107551 0.726704381435775
57.7329655393183 0.710653979551551
57.771954307053 0.695171901708138
57.8106542377852 0.680270188711939
57.8490681609484 0.665959187627686
57.8871994175452 0.652247630868323
57.9250518681404 0.639142719455782
57.9626299029293 0.626650209931159
57.9999384538542 0.614774504462721
58.0369830086596 0.603518743762983
58.0737696266836 0.592884902479629
58.1103049560779 0.582873886766685
58.1465962520326 0.573485633769736
58.1826513954499 0.564719212769282
58.218478911369 0.556572927716942
58.254087986295 0.549044420867263
58.2894884834325 0.54213077715113
58.3246909546758 0.535828628853411
58.3597066480861 0.530134260047187
58.3945475094883 0.525043710101294
58.4292261767871 0.520552875421227
58.4637559656312 0.516657608413441
58.4981508451872 0.513353812491268
58.5324254030115 0.510637531782297
58.5665947983573 0.508505034070382
58.6006747037048 0.506952885430115
58.6346812348398 0.505978015006141
58.6686308703986 0.505577768468732
58.7025403623882 0.505749948848057
58.7364266397389 0.506492843710582
58.7703067073777 0.507805237979694
58.8041975435992 0.509686412096407
58.8381159986069 0.512136125635406
58.8720786970052 0.515154586903544
58.9061019467493 0.518742409420495
58.9402016566387 0.522900556488338
58.9743932639205 0.527630275280729
59.0086916730034 0.532933022015527
59.0431112057187 0.538810379819438
59.0776655630515 0.54526397085964
59.1123677978284 0.552295364220973
59.1472302975046 0.559905980866482
59.1822647759572 0.568096996851895
59.217482273045 0.576869245787696
59.2528931606389 0.586223121369025
59.2885071538346 0.596158480633779
59.3243333261271 0.606674548469502
59.3603801274184 0.617769823773404
59.3966554038581 0.629441987578397
59.4331664186394 0.641687813390656
59.4699198730107 0.654503079939272
59.506921926886 0.667882486513614
59.5441782185548 0.681819571056485
59.5816938831002 0.69630663118839
59.6194735692243 0.711334648357833
59.6575214542665 0.726893215342242
59.6958412572681 0.742970467362067
59.7344362499993 0.759553017114953
59.7733092659215 0.776625894086266
59.8124627071007 0.794172488545129
59.8518985491336 0.812174500690187
59.8916183441846 0.830611895465085
59.9316232222681 0.849462863618656
59.9719138909444 0.868703789637381
60.0124906336272 0.8883092272259
60.0533533067331 0.908251883053175
60.0945013359309 0.928502609515048
60.1359337117767 0.949030407285876
60.1776489850438 0.969802438440023
60.2196452620797 0.990784050915609
60.2619202005394 1.01193881506532
60.3044710058575 1.03322857298981
60.3472944288278 1.05461350127626
60.3903867646575 1.07605218766599
60.4337438538569 1.09750172205023
60.4773610853025 1.11891780204164
60.5212334017863 1.14025485319255
60.5653553083211 1.16146616373035
60.6097208834239 1.18250403346108
60.654323793536 1.20331993625707
60.6991573106671 1.22386469530082
60.7442143332748 1.244088670012
60.7894874103012 1.26394195334516
60.8349687682014 1.28337457792192
60.8806503407079 1.30233672926069
60.9265238009876 1.32077896419872
60.9725805957629 1.33865243247255
61.0188119808996 1.35590909933953
61.0652090578979 1.37250196709057
61.1117628106812 1.38838529332338
61.1584641420433 1.40351480391759
61.2053039091071 1.41784789877498
61.2522729571557 1.43134384855486
61.2993621512213 1.44396398084001
61.3465624048667 1.45567185440347
61.3938647056545 1.46643342050095
61.4412601368741 1.47621717037804
61.4887398951869 1.48499426844346
61.5362953039442 1.49273867081159
61.5839178220345 1.49942722914741
61.6315990482193 1.50503977994987
61.6793307210202 1.5095592195773
61.7271047143176 1.51297156544778
61.7749130289141 1.51526600393634
61.8227477804024 1.51643492553811
61.8706011837513 1.51647394787551
61.9184655350907 1.51538192709946
61.966333191231 1.51316095817586
62.0141965474952 1.50981636446388
62.0620480144768 1.505356676889
62.1098799943534 1.49979360289847
62.157684857399 1.49314198526736
62.2054549193336 1.48541975070739
62.2531824201364 1.47664784812555
62.3008595049226 1.46685017629239
62.3484782074492 1.45605350061679
62.3960304367664 1.44428735869112
62.4435079674719 1.43158395427165
62.4909024339587 1.41797803939767
62.5382053289648 1.40350678443
62.5854080066464 1.38820963590614
62.6325016902994 1.37212816226224
62.6794774847543 1.35530588765886
62.7263263933616 1.3377881143619
62.7730393393819 1.31962173436466
62.819607191491 1.3008550311841
62.8318530717959 1.29581763919262
